1.00E-05	1177.249	1160.543	16.70576	0
1.06E-05	1142.109	1125.902	16.20697	0
1.13E-05	1109.939	1094.189	15.75034	0
1.19E-05	1080.344	1065.014	15.33026	0
1.25E-05	1052.998	1038.056	14.94209	0
1.38E-05	1004.01	989.7635	14.24672	0
1.50E-05	961.2822	947.642	13.6402	0
1.63E-05	923.5851	910.48	13.10508	0
1.75E-05	890.0033	877.3749	12.62837	0
1.88E-05	859.8388	847.6386	12.20016	0
2.00E-05	832.5488	820.7361	11.81276	0
2.19E-05	796.0883	784.7931	11.29516	0
2.38E-05	764.0364	753.1962	10.84013	0
2.56E-05	735.5708	725.1348	10.43601	0
2.75E-05	710.0691	699.9951	10.07395	0
2.94E-05	687.0504	677.3032	9.747143	0
3.13E-05	666.1363	656.686	9.450206	0
3.31E-05	647.0245	637.8456	9.178851	0
3.50E-05	629.4702	620.5406	8.929605	0
3.88E-05	598.2662	589.7797	8.486535	0
4.25E-05	571.2905	563.187	8.103484	0
4.63E-05	547.6671	539.8991	7.768021	0
5.00E-05	526.755	519.2839	7.471043	0
5.31E-05	511.0481	503.8001	7.247977	0
5.63E-05	496.6696	489.6258	7.043767	0
5.94E-05	483.4423	476.5864	6.8559	0
6.25E-05	471.2203	464.538	6.682304	0
6.88E-05	449.3273	442.956	6.371327	0
7.50E-05	430.233	424.1329	6.100081	0
8.13E-05	413.388	407.5272	5.860769	0
8.75E-05	398.3829	392.7353	5.647578	0
9.38E-05	384.9056	379.4495	5.456079	0
1.00E-04	372.7134	367.4306	5.282825	0
1.06E-04	361.6144	356.4893	5.125093	0
1.13E-04	351.4544	346.4737	4.980696	0
1.19E-04	342.1083	337.2605	4.847853	0
1.25E-04	333.4729	328.7478	4.725103	0
1.38E-04	318.0054	313.5002	4.505209	0
1.50E-04	304.5162	300.2028	4.313409	0
1.63E-04	292.617	288.4728	4.144189	0
1.75E-04	282.0184	278.025	3.993441	0
1.88E-04	272.4997	268.6417	3.85803	0
2.00E-04	263.8896	260.154	3.735523	0
2.19E-04	252.3878	248.816	3.571843	0
2.38E-04	242.2792	238.8513	3.427951	0
2.56E-04	233.3034	230.0033	3.300156	0
2.75E-04	225.264	222.0783	3.185665	0
2.94E-04	218.0089	214.9266	3.082318	0
3.13E-04	211.4186	208.4301	2.988419	0
3.31E-04	205.3975	202.4949	2.902609	0
3.50E-04	199.8683	197.0445	2.82379	0
3.88E-04	190.043	187.3593	2.683679	0
4.25E-04	181.5527	178.9902	2.562548	0
4.63E-04	174.1208	171.6644	2.456465	0
5.00E-04	167.5447	165.1822	2.362552	0
5.31E-04	162.6075	160.3155	2.292012	0
5.63E-04	158.0895	155.862	2.227435	0
5.94E-04	153.9346	151.7666	2.168026	0
6.25E-04	150.097	147.9839	2.113131	0
6.88E-04	143.2264	141.2116	2.014791	0
7.50E-04	137.2385	135.3095	1.929016	0
8.13E-04	131.9597	130.1064	1.853338	0
8.75E-04	127.261	125.475	1.785921	0
9.38E-04	123.0437	121.3183	1.725364	0
0.001	119.2313	117.5607	1.670576	0
0.0010625	115.7632	114.1425	1.620697	0
0.001125	112.5908	111.0158	1.575034	0
0.0011875	109.6747	108.1417	1.533026	0
0.00125	106.9822	105.488	1.494209	0
0.001375	102.1647	100.74	1.424672	0
0.0015	97.96942	96.6054	1.36402	0
0.001625	94.27393	92.96343	1.310508	0
0.00175	90.98707	89.72424	1.262837	0
0.001875	88.03934	86.81932	1.220016	0
0.002	85.37673	84.19546	1.181276	0
0.0021875	81.82629	80.69678	1.129516	0
0.002375	78.71247	77.62846	1.084013	0
0.0025625	75.95355	74.90995	1.043601	0
0.00275	73.48768	72.48029	1.007395	0
0.0029375	71.2671	70.29239	0.9747143	0
0.003125	69.25425	68.30923	0.9450206	0
0.0033125	67.41915	66.50126	0.9178851	0
0.0035	65.73751	64.84455	0.8929604	0
0.003875	62.75852	61.90987	0.8486535	0
0.00425	60.19508	59.38473	0.8103484	0
0.004625	57.96051	57.18371	0.776802	0
0.005	55.99147	55.24436	0.7471043	0
0.0053125	54.51873	53.79393	0.7247976	0
0.005625	53.17564	52.47127	0.7043766	0
0.0059375	51.94474	51.25915	0.6855898	0
0.00625	50.81168	50.14345	0.6682303	0
0.006875	48.79327	48.15614	0.6371326	0
0.0075	47.04597	46.43596	0.610008	0
0.008125	45.51586	44.92978	0.5860767	0
0.00875	44.16286	43.59811	0.5647576	0
0.009375	42.95647	42.41087	0.5456076	0
0.01	41.873	41.34472	0.5282823	0
0.010625	40.89374	40.38123	0.5125091	0
0.01125	40.00373	39.50566	0.4980693	0
0.011875	39.1908	38.70601	0.484785	0
0.0125	38.44496	37.97245	0.47251	0
0.01375	37.12279	36.67227	0.4505206	0
0.015	35.98556	35.55422	0.4313406	0
0.01625	34.99594	34.58152	0.4144186	0
0.0175	34.12626	33.72691	0.3993437	0
0.01875	33.35546	32.96966	0.3858027	0
0.02	32.66727	32.29372	0.3735518	0
0.021325	32.01373	31.65197	0.3617606	0
0.02265	31.42646	31.07544	0.3510199	0
0.023975	30.89576	30.55457	0.3411823	0
0.0253	30.41372	30.08159	0.332128	0
0.02684375	29.90496	29.58253	0.3224365	0
0.0283875	29.44521	29.13166	0.3135467	0
0.031475	28.64677	28.349	0.2977714	0
0.0345625	27.97717	27.69301	0.2841602	0
0.03765	27.40757	27.13531	0.2722597	0
0.0407375	26.91721	26.65547	0.2617392	0
0.043825	26.49071	26.23836	0.252351	0
0.0469125	26.11643	25.87253	0.2439056	0
0.05	25.78542	25.54917	0.236255	0
0.053125	25.48727	25.25806	0.2292011	0
0.05625	25.22045	24.9977	0.2227435	0
0.059375	24.98032	24.76352	0.2168027	0
0.0625	24.76311	24.5518	0.2113132	0
0.06875	24.38557	24.18409	0.2014793	0
0.075	24.0688	23.8759	0.1929019	0
0.08125	23.79933	23.61399	0.1853343	0
0.0875	23.56737	23.38878	0.1785927	0
0.09375	23.36566	23.19313	0.1725371	0
0.1	23.18867	23.02161	0.1670585	0
0.10625	23.03214	22.87007	0.1620707	0
0.1125	22.89274	22.73523	0.1575045	0
0.11875	22.76779	22.61449	0.1533038	0
0.125	22.65517	22.50575	0.1494222	0
0.1375	22.46029	22.31782	0.1424687	0
0.15	22.29753	22.16113	0.1364037	0
0.1625	22.15955	22.0285	0.1310527	0
0.175	22.04108	21.91479	0.1262859	0
0.1875	21.93824	21.81624	0.1220042	0
0.2	21.84813	21.73	0.1181305	0
0.21875	21.73207	21.61911	0.1129551	0
0.2375	21.63414	21.52573	0.1084055	0
0.25625	21.55038	21.44602	0.1043651	0
0.275	21.47791	21.37717	0.1007455	0
0.29375	21.41459	21.31711	0.09747846	0
0.3125	21.35877	21.26426	0.09451013	0
0.33125	21.30919	21.21739	0.09179765	0
0.35	21.26485	21.17554	0.08930624	0
0.3875	21.18887	21.104	0.08487748	0
0.425	21.12612	21.04507	0.08104858	0
0.5	21.02847	20.95374	0.07472619	0
0.625	20.91707	20.85023	0.06683996	0
0.75	20.84223	20.78121	0.06101909	0
0.875	20.78841	20.73191	0.05649568	0
1	20.74778	20.69493	0.05284794	0
1.25	20.69041	20.64315	0.04726476	0
1.5	20.65176	20.60862	0.04314465	0
1.75	20.62389	20.58394	0.03994691	0
2	20.60279	20.56542	0.03736992	0
2.375	20.57924	20.54494	0.03429872	0
2.75	20.56192	20.53004	0.03187743	0
3.125	20.5486	20.5187	0.02990003	0
3.5	20.53802	20.50978	0.02824803	0
4.25	20.52226	20.49663	0.02562929	0
5	20.51103	20.4874	0.02363134	0
5.00005	20.51102948	0	0.02363124	0
6.25	20.49802	0	0.02113626	0
7.5	20.48911	0	0.01929115	0
8.75	20.48258	0	0.01786514	0
10	20.47757	0	0.01671481	0
12.5	20.47028	0	0.01494491	0
15	20.4652	0	0.01363991	0
17.5	20.46139	0	0.0126315	0
20	20.45838	0	0.01181617	0
23.75	20.45487	0	0.01084336	0
27.5	20.45211	0	0.01007912	0
31.25	20.44985	0	0.009452636	0
35	20.44793	0	0.008930219	0
42.5	20.44479	0	0.008101963	0
50	20.44224	0	0.007469932	0
62.5	20.43873	0	0.006680563	0
75	20.43578	0	0.006096984	0
87.5	20.43315	0	0.005644986	0
100	20.43074	0	0.005280734	0
125	20.4263	0	0.004721217	0
150	20.42218	0	0.004308546	0
175	20.41826	0	0.003988637	0
200	20.41445	0	0.0037306	0
237.5	20.40892	0	0.003422015	0
275	20.40351	0	0.00317933	0
312.5	20.39817	0	0.002981329	0
350	20.3929	0	0.002816172	0
425	20.38246	0	0.002554267	0
500	20.37212	0	0.002354038	0
625	20.35513	0	0.002103147	0
750	20.33823	0	0.001918023	0
875	20.32139	0	0.00177442	0
1000	20.3046	0	0.001658747	0
1250	20.27146	0	0.001480232	0
1500	20.23838	0	0.001348738	0
1750	20.20534	0	0.001246791	0
2000	20.17235	0	0.001164722	0
2250	20.14006	0	0.00109555	0
2500	20.1078	0	0.001037146	0
2750	20.07555	0	9.87E-04	0
3000	20.04331	0	9.43E-04	0
3250	20.01106	0	9.05E-04	0
3500	19.97883	0	8.71E-04	0
4000	19.91441	0	8.12E-04	0
4500	19.8518	0	7.63E-04	0
5000	19.78923	0	7.21E-04	0
5500	19.72666	0	6.85E-04	0
6000	19.66412	0	6.54E-04	0
6500	19.60332	0	6.26E-04	0
7000	19.54254	0	6.02E-04	0
8000	19.42101	0	5.59E-04	0
9000	19.30283	0	5.24E-04	0
10000	19.18474	0	4.94E-04	0
12500	18.90332	0	4.42E-04	0
15000	18.62204	0	3.91E-04	0
17500	18.35899	0	3.59E-04	0
20000	18.0962	0	3.28E-04	0
22500	17.87097	0	3.13E-04	0
25000	17.64594	0	2.98E-04	0
27500	17.42091	0	2.83E-04	0
30000	17.19588	0	2.68E-04	0
32500	16.97084	0	2.53E-04	0
35000	16.74581	0	2.38E-04	0
40000	16.29608	0	2.08E-04	0
45000	15.93867	0	1.95E-04	0
50000	15.58159	0	1.82E-04	0
55000	15.22452	0	1.68E-04	0
60000	14.86773	0	1.55E-04	0
65000	14.57707	0	1.47E-04	0
70000	14.2867	0	1.40E-04	0
80000	13.7062	0	1.24E-04	0
90000	13.22417	0	1.14E-04	0
100000	12.74273	0	1.04E-04	0
125000	11.83294	0	8.91E-05	0
150000	10.92385	0	7.45E-05	0
175000	10.28336	0	6.69E-05	0
200000	9.643586	0	5.93E-05	0
225000	9.220426	0	5.56E-05	0
250000	8.797615	0	5.19E-05	0
275000	8.374804	0	4.83E-05	0
300000	7.952296	0	4.46E-05	0
325000	7.683108	0	4.30E-05	0
350000	7.414222	0	4.14E-05	0
400000	6.876634	0	3.83E-05	0
450000	6.500965	0	3.68E-05	0
500000	6.125602	0	3.53E-05	0
550000	5.846196	0	3.46E-05	0
600000	5.566999	0	3.39E-05	0
650000	5.349478	0	3.36E-05	0
700000	5.132107	0	3.33E-05	0
800000	4.781652	0	3.32E-05	0
900000	4.491542	0	3.34E-05	0
1000000	4.24618	0	3.37E-05	0
1200000	3.850531	0	3.45E-05	0
1400000	3.541814	0	3.52E-05	0
1600000	3.291373	0	3.59E-05	0
1800000	3.082242	0	3.64E-05	0
2000000	2.903697	0	3.68E-05	0
2200000	2.74858	0	3.70E-05	0
2400000	2.611955	0	3.72E-05	0
2600000	2.490234	0	3.72E-05	0
2800000	2.380773	0	3.72E-05	0
3000000	2.281558	0	3.71E-05	0
3200000	2.19103	0	3.70E-05	0
3400000	2.107954	0	3.69E-05	0
3600000	2.031338	0	3.67E-05	0
3800000	1.960371	0	3.65E-05	0
4000000	1.894385	0	3.63E-05	0
4200000	1.832823	0	3.61E-05	0
4400000	1.775213	0	3.59E-05	0
4600000	1.721154	0	3.57E-05	0
4800000	1.670299	0	3.55E-05	0
5000000	1.622353	0	3.53E-05	0
5500000	1.513588	0	3.48E-05	0
6000000	1.418191	0	3.43E-05	0
6500000	1.333743	0	3.39E-05	0
7000000	1.2584	0	3.35E-05	0
7500000	1.19073	0	3.31E-05	0
8000000	1.129597	0	3.28E-05	0
8500000	1.074084	0	3.25E-05	0
9000000	1.023447	0	3.22E-05	0
9500000	0.9770666	0	3.19E-05	0
1.00E+07	0.934429	0	3.16E-05	0
1.05E+07	0.8950999	0	3.14E-05	0
1.10E+07	0.8587107	0	3.11E-05	0
1.15E+07	0.8249463	0	3.09E-05	0
1.20E+07	0.7935351	0	3.07E-05	0
1.25E+07	0.7642418	0	3.05E-05	0
1.30E+07	0.7368615	0	3.02E-05	0
1.35E+07	0.7112148	0	3.00E-05	0
1.40E+07	0.6871439	0	2.98E-05	0
1.45E+07	0.6645095	0	2.96E-05	0
1.50E+07	0.643188	0	2.94E-05	0
1.55E+07	0.6230693	0	2.92E-05	0
1.60E+07	0.6040552	0	2.90E-05	0
1.65E+07	0.5860577	0	2.87E-05	0
1.70E+07	0.5689977	0	2.85E-05	0
1.75E+07	0.552804	0	2.83E-05	0
1.80E+07	0.5374121	0	2.81E-05	0
1.85E+07	0.5227638	0	2.79E-05	0
1.90E+07	0.508806	0	2.77E-05	0
1.95E+07	0.4954904	0	2.74E-05	0
2.00E+07	0.4827734	0	2.72E-05	0
