1.00E-05	267609.9	108.7064	267501.2028	0
1.06E-05	259619.7	105.4633	259514.3027	0
1.13E-05	252305	102.4944	252202.5026	0
1.19E-05	245575.7	99.76318	245475.9025	0
1.25E-05	239357.6	97.23951	239260.3025	0
1.38E-05	228218.5	92.71878	228125.8024	0
1.50E-05	218502.5	88.77584	218413.8023	0
1.63E-05	209930.5	85.29725	209845.2022	0
1.75E-05	202294.1	82.19853	202211.8021	0
1.88E-05	195434.6	79.41522	195355.202	0
2.00E-05	189228.8	76.89724	189151.902	0
2.19E-05	180937.3	73.53324	180863.8019	0
2.38E-05	173648.2	70.57614	173577.6018	0
2.56E-05	167174.6	67.95005	167106.6017	0
2.75E-05	161374.8	65.59751	161309.2017	0
2.94E-05	156139.7	63.47413	156076.2016	0
3.13E-05	151383	61.54499	151321.5016	0
3.31E-05	147036.2	59.78218	146976.4015	0
3.50E-05	143043.5	58.16312	142985.3015	0
3.88E-05	135946	55.28532	135890.7014	0
4.25E-05	129809.9	52.79772	129757.1013	0
4.63E-05	124436.1	50.61948	124385.5013	0
5.00E-05	119678.8	48.69142	119630.1012	0
5.31E-05	116105.5	47.24341	116058.2012	0
5.63E-05	112834.3	45.91797	112788.3012	0
5.94E-05	109824.8	44.69875	109780.1011	0
6.25E-05	107044	43.5723	107000.4011	0
6.88E-05	102062.4	41.55474	102020.9011	0
7.50E-05	97717.35	39.79538	97677.55101	0
8.13E-05	93883.79	38.24353	9.38E+04	0
8.75E-05	90468.69	36.86141	9.04E+04	0
9.38E-05	87401.07	35.62022	8.74E+04	0
1.00E-04	84625.72	34.49757	8.46E+04	0
1.06E-04	82099.01	33.47574	8.21E+04	0
1.13E-04	79785.91	32.54052	7.98E+04	0
1.19E-04	77657.9	31.68036	7.76E+04	0
1.25E-04	75691.56	30.88574	7.57E+04	0
1.38E-04	72169.08	29.46278	7.21E+04	0
1.50E-04	69096.64	28.22222	6.91E+04	0
1.63E-04	66385.92	27.12825	6.64E+04	0
1.75E-04	63971.08	26.15418	6.39E+04	0
1.88E-04	61801.94	25.27963	6.18E+04	0
2.00E-04	59839.48	24.48881	5.98E+04	0
2.19E-04	57217.5	23.43286	5.72E+04	0
2.38E-04	54912.5	22.50524	5.49E+04	0
2.56E-04	52865.35	21.68199	5.28E+04	0
2.75E-04	51031.32	20.94499	5.10E+04	0
2.94E-04	49375.82	20.28022	4.94E+04	0
3.13E-04	47871.64	19.67665	4.79E+04	0
3.31E-04	46497.05	19.12548	4.65E+04	0
3.50E-04	45234.46	18.6196	4.52E+04	0
3.88E-04	42990.04	17.72129	4.30E+04	0
4.25E-04	41049.64	16.9458	4.10E+04	0
4.63E-04	39350.3	16.26764	3.93E+04	0
5.00E-04	37845.92	15.66815	3.78E+04	0
5.31E-04	36715.95	15.21846	3.67E+04	0
5.63E-04	35681.5	14.80729	3.57E+04	0
5.94E-04	34729.84	14.42948	3.47E+04	0
6.25E-04	33850.47	14.08079	3.38E+04	0
6.88E-04	32275.17	13.45727	3.23E+04	0
7.50E-04	30901.14	12.91472	3.09E+04	0
8.13E-04	29688.88	12.4372	2.97E+04	0
8.75E-04	28608.93	12.01282	2.86E+04	0
9.38E-04	27638.87	11.63253	2.76E+04	0
0.001	26761.24	11.28929	2.67E+04	0
0.0010625	25962.23	10.97755	2.60E+04	0
0.001125	25230.77	10.69285	2.52E+04	0
0.0011875	24557.84	10.43154	2.45E+04	0
0.00125	23936.04	10.19067	2.39E+04	0
0.001375	22822.15	9.760667	2.28E+04	0
0.0015	21850.57	9.38737	2.18E+04	0
0.001625	20993.37	9.059564	2.10E+04	0
0.00175	20229.74	8.768903	2.02E+04	0
0.001875	19543.81	8.50903	1.95E+04	0
0.002	18923.24	8.275005	1.89E+04	0
0.0021875	18094.11	7.964119	1.81E+04	0
0.002375	17365.22	7.692694	1.74E+04	0
0.0025625	16717.87	7.453281	1.67E+04	0
0.00275	16137.91	7.240247	1.61E+04	0
0.0029375	15614.4	7.049246	1.56E+04	0
0.003125	15138.75	6.876868	1.51E+04	0
0.0033125	14704.08	6.720392	1.47E+04	0
0.0035	14304.83	6.577616	1.43E+04	0
0.003875	13595.1	6.326277	1.36E+04	0
0.00425	12981.51	6.111805	1.30E+04	0
0.004625	12444.15	5.926386	1.24E+04	0
0.005	11968.44	5.764318	1.20E+04	0
0.0053125	11611.13	5.643987	1.16E+04	0
0.005625	11284.02	5.534967	1.13E+04	0
0.0059375	10983.09	5.435696	1.10E+04	0
0.00625	10705.02	5.344895	1.07E+04	0
0.006875	10206.89	5.184637	1.02E+04	0
0.0075	9772.411	5.047587	9.77E+03	0
0.008125	9389.08	4.928989	9.38E+03	0
0.00875	9047.593	4.825321	9.04E+03	0
0.009375	8740.852	4.733915	8.74E+03	0
0.01	8463.338	4.65271	8.46E+03	0
0.010625	8210.687	4.580086	8.21E+03	0
0.01125	7979.395	4.514754	7.97E+03	0
0.011875	7766.612	4.455669	7.76E+03	0
0.0125	7569.995	4.401982	7.57E+03	0
0.01375	7217.779	4.308106	7.21E+03	0
0.015	6910.564	4.228774	6.91E+03	0
0.01625	6639.518	4.160877	6.64E+03	0
0.0175	6398.059	4.102133	6.39E+03	0
0.01875	6181.168	4.050828	6.18E+03	0
0.02	5984.944	4.00565	5.98E+03	0
0.021325	5796.082	3.963314	5.79E+03	0
0.02265	5624.046	3.925758	5.62E+03	0
0.023975	5466.476	3.892226	5.46E+03	0
0.0253	5321.453	3.862111	5.32E+03	0
0.02684375	5166.223	3.830685	5.16E+03	0
0.0283875	5023.834	3.802609	5.02E+03	0
0.031475	4771.16	3.754586	4.77E+03	0
0.0345625	4553.15	3.715037	4.55E+03	0
0.03765	4362.539	3.681916	4.36E+03	0
0.0407375	4194.031	3.653783	4.19E+03	0
0.043825	4043.66	3.629595	4.04E+03	0
0.0469125	3908.39	3.60858	3.90E+03	0
0.05	3785.851	3.590154	3.78E+03	0
0.053125	3672.867	3.573682	3.67E+03	0
0.05625	3569.435	3.559037	3.57E+03	0
0.059375	3474.28	3.545932	3.47E+03	0
0.0625	3386.353	3.534137	3.38E+03	0
0.06875	3228.844	3.513762	3.23E+03	0
0.075	3091.458	3.496783	3.09E+03	0
0.08125	2970.247	3.482415	2.97E+03	0
0.0875	2862.268	3.4701	2.86E+03	0
0.09375	2765.275	3.459426	2.76E+03	0
0.1	2677.525	3.450087	2.67E+03	0
0.10625	2597.636	3.441847	2.59E+03	0
0.1125	2524.5	3.434522	2.52E+03	0
0.11875	2457.217	3.427968	2.45E+03	0
0.125	2395.045	3.42207	2.39E+03	0
0.1375	2283.67	3.411882	2.28E+03	0
0.15	2186.521	3.403392	2.18E+03	0
0.1625	2100.807	3.396208	2.10E+03	0
0.175	2024.446	3.39005	2.02E+03	0
0.1875	1955.854	3.384713	1.95E+03	0
0.2	1893.796	3.380044	1.89E+03	0
0.21875	1810.885	3.37404	1.81E+03	0
0.2375	1738.006	3.368984	1.73E+03	0
0.25625	1673.296	3.364668	1.67E+03	0
0.275	1615.347	3.360941	1.61E+03	0
0.29375	1563.071	3.357689	1.56E+03	0
0.3125	1515.611	3.354828	1.51E+03	0
0.33125	1472.282	3.352291	1.47E+03	0
0.35	1432.525	3.350025	1.43E+03	0
0.3875	1361.97	3.346152	1.36E+03	0
0.425	1301.086	3.342962	1.30E+03	0
0.5	1200.587	3.338017	1.20E+03	0
0.625	1074.323	3.332414	1.07E+03	0
0.75	980.4192	3.328673	9.77E+02	0
0.875	907.7221	3.325954	9.04E+02	0
1	849.6692	3.323765	8.46E+02	0
1.25	760.3492	3.320198	7.57E+02	0
1.5	693.7197	3.317545	6.90E+02	0
1.75	642.1028	3.315543	6.39E+02	0
2	600.8184	3.313966	5.98E+02	0
2.375	551.522	3.312118	5.48E+02	0
2.75	512.475	3.310677	5.09E+02	0
3.125	480.7634	3.309512	4.77E+02	0
3.5	454.6474	3.308545	4.51E+02	0
4.25	412.9265	3.307001	4.10E+02	0
5	380.9409	3.305804	3.78E+02	0
5.00005	380.9393022	0	3.78E+02	0
6.25	340.9957	0	3.38E+02	0
7.5	311.3081	0	3.08E+02	0
8.75	288.2903	0	2.85E+02	0
10	269.7538	0	2.66E+02	0
12.5	241.329	0	2.38E+02	0
15	220.3779	0	2.17E+02	0
17.5	204.1757	0	2.01E+02	0
20	191.1026	0	1.88E+02	0
23.75	175.5055	0	1.72E+02	0
27.5	163.2553	0	1.60E+02	0
31.25	153.2433	0	1.50E+02	0
35	144.8958	0	1.42E+02	0
42.5	131.6656	0	1.28E+02	0
50	121.5644	0	1.18E+02	0
62.5	108.9708	0	1.06E+02	0
75	99.67378	0	9.64E+01	0
87.5	92.46733	0	8.92E+01	0
100	86.66146	0	8.34E+01	0
125	77.70124	0	7.44E+01	0
150	71.09955	0	6.78E+01	0
175	65.98305	0	6.27E+01	0
200	61.86377	0	5.86E+01	0
225	58.42688	0	5.52E+01	0
250	55.52296	0	5.23E+01	0
275	53.02791	0	4.98E+01	0
300	50.85419	0	4.76E+01	0
325	48.93841	0	4.57E+01	0
350	47.23627	0	4.40E+01	0
400	44.32483	0	4.11E+01	0
450	41.89668	0	3.87E+01	0
500	39.84589	0	3.66E+01	0
550	38.08437	0	3.49E+01	0
600	36.54995	0	3.33E+01	0
700.0001	33.98285	0	3.08E+01	0
850.0001	31.05634	0	2.78E+01	0
1000	28.75504	0	2.56E+01	0
1100	27.50272	0	2.43E+01	0
1200	26.41259	0	2.32E+01	0
1300	25.45267	0	2.23E+01	0
1400	24.5993	0	2.14E+01	0
1550	23.46964	0	2.03E+01	0
1700	22.49491	0	1.93E+01	0
1850	21.64323	0	1.85E+01	0
2000	20.89093	0	1.77E+01	0
2200	20.00525	0	1.69E+01	0
2400	19.23459	0	1.61E+01	0
2700	18.23782	0	1.51E+01	0
3000	17.39705	0	1.43E+01	0
3250	16.78337	0	1.37E+01	0
3500	16.23849	0	1.31E+01	0
4000	15.30928	0	1.22E+01	0
4500	14.53523	0	1.15E+01	0
5000	13.88315	0	1.08E+01	0
5500	13.31922	0	1.03E+01	0
6000	12.8292	0	9.78E+00	0
6500	12.39535	0	9.35E+00	0
7000	12.01034	0	8.98E+00	0
8000	11.35106	0	8.33E+00	0
9000	10.80498	0	7.79E+00	0
10000	10.34295	0	7.34E+00	0
11000	9.946925	0	6.95E+00	0
12000	9.603486	0	6.62E+00	0
13500	9.163186	0	6.18E+00	0
15000	8.793591	0	5.82E+00	0
17000	8.377901	0	5.41E+00	0
18500	8.108889	0	5.14E+00	0
20000	7.872221	0	4.91E+00	0
22000	7.59149	0	4.64E+00	0
25000	7.230366	0	4.30E+00	0
27000	7.020262	0	4.11E+00	0
30000	6.740224	0	3.85E+00	0
32000	6.572367	0	3.70E+00	0
35000	6.343293	0	3.51E+00	0
40000	6.008919	0	3.23E+00	0
45000	5.725263	0	3.00E+00	0
50000	5.484706	0	2.81E+00	0
55000	5.277591	0	2.65E+00	0
60000	5.096933	0	2.51E+00	0
65000	4.937565	0	2.38E+00	0
70000	4.79575	0	2.27E+00	0
75000	4.668473	0	2.18E+00	0
80000	4.553509	0	2.09E+00	0
90000	4.353746	0	1.94E+00	0
100000	4.185664	0	1.82E+00	0
110000	4.042663	0	1.71E+00	0
120000	3.917883	0	1.62E+00	0
130000	3.810022	0	1.55E+00	0
140000	3.713745	0	1.48E+00	0
160000	3.553131	0	1.37E+00	0
180000	3.424163	0	1.29E+00	0
200000	3.318765	0	1.22E+00	0
225000	3.222354	0	1.16E+00	0
250000	3.139206	0	1.11E+00	0
275000	3.083508	0	1.07E+00	0
300000	3.033777	0	1.04E+00	0
325000	2.997389	0	1.03E+00	0
350000	2.964151	0	1.01E+00	0
400000	2.910049	0	9.86E-01	0
450000	2.86007	0	9.68E-01	0
500000	2.840038	0	9.51E-01	0
550000	2.801189	0	9.32E-01	0
600000	2.770074	0	9.12E-01	0
650000	2.760134	0	8.94E-01	0
700000	2.750078	0	8.76E-01	0
750000	2.759299	0	8.62E-01	0
800000	2.770082	0	8.51E-01	0
850000	2.798494	0	8.43E-01	0
900000	2.820076	0	8.39E-01	0
950000	2.848212	0	8.37E-01	0
1000000	2.870086	0	8.38E-01	0
1100000	2.938678	0	8.48E-01	0
1200000	3.000074	0	8.59E-01	0
1300000	3.050083	0	8.71E-01	0
1400000	3.100104	0	8.81E-01	0
1500000	3.180049	0	8.85E-01	0
1600000	3.200089	0	8.84E-01	0
1700000	3.220084	0	8.77E-01	0
1800000	3.230079	0	8.66E-01	0
1900000	3.222004	0	8.51E-01	0
2000000	3.200094	0	8.33E-01	0
2200000	3.156515	0	7.92E-01	0
2400000	3.11238	0	7.48E-01	0
2500000	3.090702	0	7.26E-01	0
2600000	3.066612	0	7.04E-01	0
2800000	3.012815	0	6.62E-01	0
3000000	2.950089	0	6.23E-01	0
3250000	2.865139	0	5.77E-01	0
3500000	2.790083	0	5.38E-01	0
4000000	2.650076	0	4.70E-01	0
4362604	2.555513	0	4.31E-01	0
4362605	2.555512	0	4.31E-01	0
4380000	2.551184	0	4.31E-01	0
4395000	2.5471	0	4.29E-01	0
4410000	2.543056	0	4.28E-01	0
4425000	2.539054	0	4.27E-01	0
4440000	2.535097	0	4.25E-01	0
4455000	2.531187	0	4.24E-01	0
4470000	2.527327	0	4.23E-01	0
4485000	2.523519	0	4.22E-01	0
4500000	2.51977	0	4.21E-01	0
4531250	2.510975	0	4.18E-01	0
4562500	2.502328	0	4.15E-01	0
4593750	2.493832	0	4.12E-01	0
4625000	2.485493	0	4.10E-01	0
4656250	2.477312	0	4.07E-01	0
4687500	2.469298	0	4.05E-01	0
4718750	2.461454	0	4.03E-01	0
4750000	2.453788	0	4.01E-01	0
4781250	2.446309	0	3.99E-01	0
4812500	2.439025	0	3.97E-01	0
4843750	2.431946	0	3.95E-01	0
4875000	2.425082	0	3.94E-01	0
4906250	2.418448	0	3.93E-01	0
4937500	2.412056	0	3.92E-01	0
4968750	2.405922	0	3.91E-01	0
5000000	2.400065	0	3.90E-01	0
5125000	2.36729	0	3.83E-01	0
5250000	2.336394	0	3.77E-01	0
5375000	2.307328	0	3.71E-01	0
5500000	2.280061	0	3.67E-01	0
5750000	2.227848	0	3.56E-01	0
6000000	2.180056	0	3.46E-01	0
6500000	2.080253	0	3.26E-01	0
7000000	1.980551	0	3.15E-01	0
7500000	1.900248	0	3.01E-01	0
8000000	1.820146	0	2.88E-01	0
8500000	1.740045	0	2.77E-01	0
9000000	1.670043	0	2.67E-01	0
9500000	1.620542	0	2.57E-01	0
1.00E+07	1.550541	0	2.49E-01	0
1.05E+07	1.49044	0	2.39E-01	0
1.10E+07	1.430039	0	2.33E-01	0
1.15E+07	1.385538	0	2.26E-01	0
1.20E+07	1.339837	0	2.19E-01	0
1.25E+07	1.295537	0	2.13E-01	0
1.30E+07	1.250136	0	2.07E-01	0
1.35E+07	1.210135	0	2.02E-01	0
1.40E+07	1.170035	0	1.98E-01	0
1.50E+07	1.112034	0	1.88E-01	0
1.60E+07	1.050033	0	1.78E-01	0
1.70E+07	0.9920318	0	1.69E-01	0
1.80E+07	0.9400308	0	1.58E-01	0
1.90E+07	0.8930297	0	1.48E-01	0
2.00E+07	0.8510286	0	1.38E-01	0
