1.00E-05	78.29777	78.10355	0.1942254	0			
1.06E-05	75.9674	75.77897	0.1884263	0			
1.13E-05	73.83424	73.65112	0.1831175	0			
1.19E-05	71.87197	71.69374	0.1782335	0			
1.25E-05	70.05895	69.88523	0.1737205	0			
1.38E-05	66.8116	66.64597	0.165636	0			
1.50E-05	63.9797	63.82111	0.1585844	0			
1.63E-05	61.48167	61.32931	0.152363	0			
1.75E-05	59.25675	59.10993	0.1468206	0			
1.88E-05	57.2586	57.11676	0.1418422	0			
2.00E-05	55.45118	55.31385	0.1373381	0			
2.19E-05	53.03694	52.90562	0.1313203	0			
2.38E-05	50.91518	50.78915	0.1260301	0			
2.56E-05	49.03133	48.91	0.1213317	0			
2.75E-05	47.34409	47.22696	0.1171223	0			
2.94E-05	45.82153	45.7082	0.1133228	0			
3.13E-05	44.43855	44.32868	0.1098705	0			
3.31E-05	43.17509	43.06837	0.1067156	0			
3.50E-05	42.0149	41.91109	0.1038178	0			
3.88E-05	39.95341	39.85474	0.0986666	0			
4.25E-05	38.17221	38.078	0.09421316	0			
4.63E-05	36.61321	36.52289	0.09031298	0			
5.00E-05	35.23388	35.14702	0.08686025	0			
5.31E-05	34.19838	34.11411	0.08426682	0			
5.63E-05	33.25087	33.16898	0.08189263	0			
5.94E-05	32.37961	32.2999	0.07970843	0			
6.25E-05	31.57493	31.49724	0.07769017	0			
6.88E-05	30.13447	30.0604	0.07407467	0			
7.50E-05	28.87927	28.80835	0.07092109	0			
8.13E-05	27.77291	27.70477	0.06813878	0			
8.75E-05	26.78827	26.72261	0.06566017	0			
9.38E-05	25.90468	25.84124	0.06343376	0			
1.00E-04	25.10604	25.04462	0.06141947	0			
1.06E-04	24.37965	24.32006	0.05958564	0			
1.13E-04	23.7153	23.6574	0.05790683	0			
1.19E-04	23.10471	23.04835	0.05636237	0			
1.25E-04	22.54105	22.48612	0.05493524	0			
1.38E-04	21.53275	21.48037	0.0523787	0			
1.50E-04	20.65497	20.60482	0.05014878	0			
1.63E-04	19.88201	19.83382	0.04818139	0			
1.75E-04	19.19474	19.14831	0.04642875	0			
1.88E-04	18.57857	18.53372	0.04485443	0			
2.00E-04	18.02218	17.97875	0.04343012	0			
2.19E-04	17.28056	17.23903	0.04152713	0			
2.38E-04	16.63045	16.5906	0.03985421	0			
2.56E-04	16.05472	16.01635	0.03836843	0			
2.75E-04	15.54038	15.50334	0.03703733	0			
2.94E-04	15.07742	15.04159	0.03583579	0			
3.13E-04	14.65797	14.62323	0.03474409	0			
3.31E-04	14.27574	14.24199	0.03374645	0			
3.50E-04	13.92563	13.8928	0.03283008	0			
3.88E-04	13.30584	13.27464	0.03120111	0			
4.25E-04	12.773	12.74321	0.02979281	0			
4.63E-04	12.30894	12.28038	0.02855946	0			
5.00E-04	11.90039	11.87292	0.02746761	0			
5.31E-04	11.59507	11.56842	0.02664749	0			
5.63E-04	11.31683	11.29093	0.02589671	0			
5.94E-04	11.06202	11.03682	0.025206	0			
6.25E-04	10.82764	10.80307	0.02456777	0			
6.88E-04	10.41056	10.38713	0.02342445	0			
7.50E-04	10.05001	10.02758	0.0224272	0			
8.13E-04	9.734725	9.713178	0.02154736	0			
8.75E-04	9.456322	9.435558	0.02076355	0			
9.38E-04	9.208423	9.188364	0.02005949	0			
0.001	8.986081	8.966659	0.01942252	0			
0.0010625	8.785395	8.766552	0.01884261	0			
0.001125	8.603234	8.584922	0.01831172	0			
0.0011875	8.437064	8.419241	0.01782332	0			
0.00125	8.284802	8.26743	0.01737202	0			
0.001375	8.015377	7.998814	0.01656357	0			
0.0015	7.7842	7.768342	0.01585841	0			
0.001625	7.583505	7.568269	0.01523626	0			
0.00175	7.407533	7.392851	0.01468202	0			
0.001875	7.251916	7.237732	0.01418418	0			
0.002	7.113273	7.09954	0.01373377	0			
0.0021875	6.931469	6.918337	0.01313199	0			
0.002375	6.775145	6.762542	0.01260296	0			
0.0025625	6.639276	6.627143	0.01213311	0			
0.00275	6.520092	6.50838	0.01171217	0			
0.0029375	6.414702	6.40337	0.01133221	0			
0.003125	6.320849	6.309862	0.01098698	0			
0.0033125	6.236748	6.226077	0.01067149	0			
0.0035	6.160964	6.150582	0.01038171	0			
0.003875	6.02989	6.020024	0.00986658	0			
0.00425	5.920546	5.911125	0.009421228	0			
0.004625	5.827992	5.81896	0.009031204	0			
0.005	5.748675	5.739989	0.008685925	0			
0.0053125	5.690779	5.682353	0.008426577	0			
0.005625	5.639081	5.630892	0.008189153	0			
0.0059375	5.592648	5.584677	0.00797073	0			
0.00625	5.550723	5.542954	0.0077689	0			
0.006875	5.47803	5.470623	0.007407342	0			
0.0075	5.417213	5.410121	0.007091979	0			
0.008125	5.365605	5.358792	0.006813743	0			
0.00875	5.321277	5.314711	0.006565877	0			
0.009375	5.282799	5.276456	0.006343232	0			
0.01	5.249092	5.242951	0.006141801	0			
0.010625	5.219325	5.213366	0.005958416	0			
0.01125	5.192846	5.187056	0.005790535	0			
0.011875	5.169142	5.163506	0.005636089	0			
0.0125	5.147799	5.142305	0.005493377	0			
0.01375	5.110915	5.105677	0.005237727	0			
0.015	5.080162	5.075147	0.005014744	0			
0.01625	5.054129	5.049311	0.004818016	0			
0.0175	5.031807	5.027165	0.004642765	0			
0.01875	5.012456	5.00797	0.004485348	0			
0.02	4.995518	4.991175	0.004342933	0			
0.021325	4.979727	4.975522	0.004205863	0			
0.02265	4.96578	4.961699	0.004081005	0			
0.023975	4.953371	4.949405	0.003966646	0			
0.0253	4.942259	4.938398	0.003861391	0			
0.02684375	4.930692	4.926944	0.003748727	0			
0.0283875	4.920381	4.916735	0.00364538	0			
0.031475	4.902784	4.899322	0.003461976	0			
0.0345625	4.888324	4.88502	0.003303719	0			
0.03765	4.876228	4.873063	0.003165343	0			
0.0407375	4.86596	4.862917	0.003043008	0			
0.043825	4.857135	4.854201	0.002933842	0			
0.0469125	4.849468	4.846632	0.002835642	0			
0.05	4.842744	4.839998	0.002746692	0			
0.053125	4.836732	4.834067	0.002664684	0			
0.05625	4.831386	4.828796	0.002589613	0			
0.059375	4.8266	4.824079	0.002520553	0			
0.0625	4.822291	4.819834	0.00245674	0			
0.06875	4.814843	4.8125	0.002342417	0			
0.075	4.808632	4.806389	0.002242685	0			
0.08125	4.803372	4.801218	0.002154679	0			
0.0875	4.798861	4.796785	0.002076273	0			
0.09375	4.794949	4.792944	0.002005848	0			
0.1	4.791525	4.789582	0.001942145	0			
0.10625	4.788501	4.786617	0.001884164	0			
0.1125	4.785812	4.783981	0.001831099	0			
0.11875	4.783406	4.781623	0.001782289	0			
0.125	4.781238	4.779501	0.00173719	0			
0.1375	4.777493	4.775836	0.001656388	0			
0.15	4.774368	4.772782	0.001585881	0			
0.1625	4.771722	4.770198	0.001523654	0			
0.175	4.769451	4.767983	0.00146822	0			
0.1875	4.767482	4.766063	0.001418436	0			
0.2	4.765757	4.764383	0.001373403	0			
0.21875	4.763537	4.762224	0.001313228	0			
0.2375	4.761666	4.760405	0.001260304	0			
0.25625	4.760066	4.758853	0.001213281	0			
0.275	4.758683	4.757512	0.001171153	0			
0.29375	4.757476	4.756342	0.001133145	0			
0.3125	4.756412	4.755313	0.001098643	0			
0.33125	4.755467	4.7544	0.001067147	0			
0.35	4.754623	4.753585	0.001038234	0			
0.3875	4.753178	4.752192	9.87E-04	0			
0.425	4.751986	4.751044	9.42E-04	0			
0.5	4.750134	4.749265	8.69E-04	0			
0.625	4.748026	4.747249	7.77E-04	0			
0.75	4.746614	4.745904	7.09E-04	0			
0.875	4.745601	4.744944	6.57E-04	0			
1	4.744838	4.744223	6.15E-04	0			
1.25	4.743764	4.743214	5.49E-04	0			
1.5	4.743042	4.74254	5.02E-04	0			
1.75	4.742524	4.742059	4.64E-04	0			
2	4.742132	4.741697	4.34E-04	0			
2.375	4.741696	4.741298	3.99E-04	0			
2.75	4.741377	4.741006	3.71E-04	0			
3.125	4.741131	4.740784	3.48E-04	0			
3.5	4.740937	4.740609	3.28E-04	0			
4.25	4.740648	4.74035	2.98E-04	0			
5	4.740442	4.740168	2.75E-04	0			
5.00005	4.74044199	0	2.75E-04	0			
6.25	4.740204	0	2.46E-04	0			
7.5	4.74004	0	2.24E-04	0			
8.75	4.73992	0	2.08E-04	0			
10	4.739827	0	1.94E-04	0			
12.5	4.739695	0	1.74E-04	0			
15	4.7396	0	1.59E-04	0			
17.5	4.73953	0	1.47E-04	0			
20	4.739472	0	1.37E-04	0			
23.75	4.739404	0	1.26E-04	0			
27.5	4.739349	0	1.17E-04	0			
31.25	4.739302	0	1.10E-04	0			
35	4.739262	0	1.04E-04	0			
42.5	4.739193	0	9.42E-05	0			
50	4.739133	0	8.68E-05	0			
62.5	4.739046	0	7.77E-05	0			
75	4.738969	0	7.09E-05	0			
87.5	4.738896	0	6.56E-05	0			
100	4.738828	0	6.14E-05	0			
125	4.738696	0	5.49E-05	0			
150	4.73857	0	5.01E-05	0			
175	4.738446	0	4.64E-05	0			
200	4.738326	0	4.34E-05	0			
237.5	4.738145	0	3.98E-05	0			
275	4.737967	0	3.70E-05	0			
312.5	4.737791	0	3.47E-05	0			
350	4.737615	0	3.28E-05	0			
425	4.737265	0	2.98E-05	0			
500	4.736917	0	2.75E-05	0			
625	4.736338	0	2.52E-05	0			
750	4.735761	0	2.34E-05	0			
875	4.735185	0	2.21E-05	0			
1000	4.734609	0	2.09E-05	0			
1250	4.73345	0	1.91E-05	0			
1500	4.732292	0	1.78E-05	0			
1750	4.731136	0	1.67E-05	0			
2000	4.729978	0	1.59E-05	0			
2750	4.726508	0	1.44E-05	0			
3500	4.72304	0	1.34E-05	0			
4250	4.719571	0	1.27E-05	0			
5000	4.716105	0	1.21E-05	0			
6250	4.711855	0	1.17E-05	0			
7500	4.707607	0	1.14E-05	0			
8750	4.703359	0	1.12E-05	0			
10000	4.69911	0	1.10E-05	0			
12500	4.69061	0	1.09E-05	0			
15000	4.68211	0	1.09E-05	0			
17500	4.67371	0	1.08E-05	0			
20000	4.66531	0	1.08E-05	0			
22500	4.65696	0	1.11E-05	0			
25000	4.648611	0	1.14E-05	0			
27500	4.640261	0	1.16E-05	0			
30000	4.631911	0	1.18E-05	0			
32500	4.623661	0	1.21E-05	0			
35000	4.615411	0	1.23E-05	0			
40000	4.598912	0	1.26E-05	0			
45000	4.582512	0	1.30E-05	0			
50000	4.566213	0	1.33E-05	0			
62500	4.526213	0	1.44E-05	0			
75000	4.486215	0	1.54E-05	0			
87500	4.447315	0	1.63E-05	0			
100000	4.408416	0	1.70E-05	0			
125000	4.330118	0	1.84E-05	0			
130000	4.314821	0	1.86E-05	0			
135000	4.301221	0	1.89E-05	0			
140000	4.289125	0	1.91E-05	0			
142500	4.284831	0	1.92E-05	0			
145000	4.283856	0	1.94E-05	0			
150000	4.340294	0	1.96E-05	0			
151000	4.394013	0	1.96E-05	0			
152000	4.476176	0	1.97E-05	0			
152900	4.519509	0	1.97E-05	0			
154000	4.454301	0	1.98E-05	0			
155000	4.373419	0	1.98E-05	0			
156000	4.321297	0	1.98E-05	0			
158000	4.271161	0	1.99E-05	0			
160000	4.248461	0	2.00E-05	0			
165000	4.22043	0	2.02E-05	0			
170000	4.202124	0	2.04E-05	0			
175000	4.186122	0	2.06E-05	0			
180000	4.171222	0	2.08E-05	0			
200000	4.115921	0	2.16E-05	0			
225000	4.048422	0	2.17E-05	0			
250000	3.982821	0	2.17E-05	0			
275000	3.918222	0	2.17E-05	0			
300000	3.855122	0	2.18E-05	0			
325000	3.793722	0	2.18E-05	0			
350000	3.733822	0	2.18E-05	0			
375000	3.675322	0	2.19E-05	0			
400000	3.618222	0	2.19E-05	0			
425000	3.562622	0	2.19E-05	0			
450000	3.508222	0	2.20E-05	0			
475000	3.455122	0	2.20E-05	0			
500000	3.403322	0	2.20E-05	0			
525000	3.352722	0	2.20E-05	0			
550000	3.303222	0	2.20E-05	0			
575000	3.254922	0	2.20E-05	0			
600000	3.207622	0	2.20E-05	0			
625000	3.161522	0	2.20E-05	0			
650000	3.116322	0	2.20E-05	0			
675000	3.072222	0	2.20E-05	0			
700000	3.029022	0	2.20E-05	0			
725000	2.986822	0	2.21E-05	0			
750000	2.945422	0	2.21E-05	0			
775000	2.905022	0	2.21E-05	0			
800000	2.865422	0	2.21E-05	0			
825000	2.826722	0	2.21E-05	0			
850000	2.788822	0	2.21E-05	0			
875000	2.751722	0	2.21E-05	0			
900000	2.715422	0	2.21E-05	0			
925000	2.679822	0	2.21E-05	0			
950000	2.645022	0	2.21E-05	0			
975000	2.610822	0	2.21E-05	0			
1000000	2.577422	0	2.21E-05	0			
1050000	2.512522	0	2.21E-05	0			
1100000	2.450321	0	2.21E-05	0			
1150000	2.390521	0	2.21E-05	0			
1200000	2.333121	0	2.21E-05	0			
1250000	2.277921	0	2.21E-05	0			
1300000	2.224921	0	2.21E-05	0			
1350000	2.17392	0	2.21E-05	0			
1400000	2.12502	0	2.21E-05	0			
1450000	2.07802	0	2.21E-05	0			
1500000	2.032819	0	2.21E-05	0			
1550000	1.988818	0	2.21E-05	0			
1600000	1.946519	0	2.21E-05	0			
1650000	1.905918	0	2.21E-05	0			
1680000	1.881917	0	2.21E-05	0			
1700000	1.865518	0	2.21E-05	0			
1710000	1.85742	0	2.21E-05	0			
1720000	1.850734	0	2.21E-05	0			
1730000	1.854748	0	2.21E-05	0			
1736000	1.862456	0	2.21E-05	0			
1740000	1.854417	0	2.21E-05	0			
1750000	1.832742	0	2.21E-05	0			
1760000	1.824421	0	2.21E-05	0			
1770000	1.818017	0	2.21E-05	0			
1780000	1.811516	0	2.21E-05	0			
1790000	1.804817	0	2.21E-05	0			
1800000	1.798017	0	2.21E-05	0			
1820000	1.784417	0	2.21E-05	0			
1850000	1.764417	0	2.21E-05	0			
1900000	1.731918	0	2.21E-05	0			
1950000	1.700617	0	2.21E-05	0			
2000000	1.670421	0	2.21E-05	0			
2025000	1.659116	0	2.21E-05	0			
2050000	1.684916	0	2.21E-05	0			
2052000	1.695116	0	2.21E-05	0			
2053000	1.702016	0	2.21E-05	0			
2054000	1.708916	0	2.21E-05	0			
2056000	1.727816	0	2.21E-05	0			
2058000	1.754216	0	2.21E-05	0			
2060000	1.791816	0	2.21E-05	0			
2061000	1.816516	0	2.21E-05	0			
2062000	1.846716	0	2.21E-05	0			
2063000	1.883616	0	2.21E-05	0			
2064000	1.929416	0	2.21E-05	0			
2065000	1.986816	0	2.21E-05	0			
2066000	2.059516	0	2.21E-05	0			
2067000	2.152516	0	2.21E-05	0			
2068000	2.273616	0	2.21E-05	0			
2069000	2.432816	0	2.21E-05	0			
2070000	2.644916	0	2.21E-05	0			
2071000	2.929716	0	2.21E-05	0			
2072000	3.312216	0	2.21E-05	0			
2073000	3.817616	0	2.21E-05	0			
2074000	4.451116	0	2.21E-05	0			
2075000	5.156516	0	2.21E-05	0			
2076000	5.766416	0	2.21E-05	0			
2077000	6.043516	0	2.21E-05	0			
2078000	5.871916	0	2.21E-05	0			
2079000	5.372816	0	2.21E-05	0			
2080000	4.765416	0	2.21E-05	0			
2081000	4.198916	0	2.21E-05	0			
2082000	3.728216	0	2.21E-05	0			
2083000	3.355916	0	2.21E-05	0			
2084000	3.065816	0	2.21E-05	0			
2085000	2.839916	0	2.21E-05	0			
2086000	2.662616	0	2.21E-05	0			
2087000	2.521816	0	2.21E-05	0			
2088000	2.408516	0	2.21E-05	0			
2089000	2.316616	0	2.21E-05	0			
2090000	2.240716	0	2.21E-05	0			
2091000	2.177616	0	2.21E-05	0			
2092000	2.124516	0	2.21E-05	0			
2093000	2.079416	0	2.21E-05	0			
2094000	2.040716	0	2.21E-05	0			
2095000	2.007316	0	2.21E-05	0			
2096000	1.978316	0	2.21E-05	0			
2097000	1.952816	0	2.21E-05	0			
2098000	1.930316	0	2.21E-05	0			
2099000	1.910416	0	2.21E-05	0			
2100000	1.892616	0	2.21E-05	0			
2102000	1.862416	0	2.21E-05	0			
2104000	1.837616	0	2.21E-05	0			
2106000	1.817016	0	2.21E-05	0			
2108000	1.799616	0	2.21E-05	0			
2110000	1.784816	0	2.21E-05	0			
2112000	1.772116	0	2.21E-05	0			
2114000	1.760916	0	2.21E-05	0			
2116000	1.751116	0	2.21E-05	0			
2118000	1.742416	0	2.21E-05	0			
2120000	1.734716	0	2.21E-05	0			
2140000	1.686315	0	2.21E-05	0			
2160000	1.661115	0	2.21E-05	0			
2180000	1.644515	0	2.21E-05	0			
2200000	1.632015	0	2.21E-05	0			
2220000	1.621915	0	2.21E-05	0			
2240000	1.613614	0	2.21E-05	0			
2260000	1.606514	0	2.21E-05	0			
2280000	1.600414	0	2.21E-05	0			
2300000	1.595314	0	2.21E-05	0			
2320000	1.591114	0	2.21E-05	0			
2340000	1.587813	0	2.21E-05	0			
2360000	1.585313	0	2.21E-05	0			
2380000	1.583713	0	2.21E-05	0			
2400000	1.582913	0	2.21E-05	0			
2420000	1.583113	0	2.21E-05	0			
2440000	1.584312	0	2.21E-05	0			
2460000	1.586612	0	2.21E-05	0			
2480000	1.589912	0	2.21E-05	0			
2500000	1.594512	0	2.21E-05	0			
2520000	1.600412	0	2.21E-05	0			
2540000	1.607711	0	2.21E-05	0			
2553000	1.613411	0	2.21E-05	0			
2560000	1.616511	0	2.21E-05	0			
2580000	1.627011	0	2.21E-05	0			
2600000	1.639511	0	2.21E-05	0			
2620000	1.654011	0	2.21E-05	0			
2640000	1.670911	0	2.21E-05	0			
2660000	1.690511	0	2.21E-05	0			
2680000	1.71321	0	2.21E-05	0			
2700000	1.73961	0	2.21E-05	0			
2720000	1.77021	0	2.21E-05	0			
2740000	1.80591	0	2.21E-05	0			
2760000	1.84781	0	2.21E-05	0			
2780000	1.89791	0	2.21E-05	0			
2785000	1.91201	0	2.21E-05	0			
2790000	1.92701	0	2.21E-05	0			
2795000	1.943109	0	2.21E-05	0			
2800000	1.961109	0	2.21E-05	0			
2802000	1.969309	0	2.21E-05	0			
2804000	1.978609	0	2.21E-05	0			
2806000	1.990309	0	2.21E-05	0			
2808000	2.007009	0	2.21E-05	0			
2810000	2.038909	0	2.21E-05	0			
2811000	2.071809	0	2.21E-05	0			
2812000	2.140009	0	2.21E-05	0			
2813000	2.328009	0	2.21E-05	0			
2814000	3.160509	0	2.21E-05	0			
2815000	5.070909	0	2.21E-05	0			
2816000	2.776209	0	2.21E-05	0			
2817000	2.289509	0	2.21E-05	0			
2818000	2.158909	0	2.21E-05	0			
2819000	2.109009	0	2.21E-05	0			
2820000	2.086309	0	2.21E-05	0			
2822000	2.069709	0	2.21E-05	0			
2824000	2.067309	0	2.21E-05	0			
2826000	2.070209	0	2.21E-05	0			
2828000	2.075609	0	2.21E-05	0			
2830000	2.082509	0	2.21E-05	0			
2835000	2.102909	0	2.21E-05	0			
2840000	2.126509	0	2.21E-05	0			
2845000	2.152209	0	2.21E-05	0			
2850000	2.180109	0	2.21E-05	0			
2855000	2.210209	0	2.21E-05	0			
2860000	2.242509	0	2.21E-05	0			
2865000	2.277409	0	2.21E-05	0			
2870000	2.314909	0	2.21E-05	0			
2875000	2.355509	0	2.21E-05	0			
2880000	2.399409	0	2.21E-05	0			
2885000	2.447009	0	2.21E-05	0			
2890000	2.498709	0	2.21E-05	0			
2895000	2.554809	0	2.21E-05	0			
2900000	2.615709	0	2.21E-05	0			
2905000	2.681809	0	2.21E-05	0			
2910000	2.753209	0	2.21E-05	0			
2915000	2.829609	0	2.21E-05	0			
2920000	2.910309	0	2.21E-05	0			
2924000	2.976809	0	2.21E-05	0			
2928000	3.043208	0	2.21E-05	0			
2932000	3.106708	0	2.21E-05	0			
2936000	3.163308	0	2.21E-05	0			
2940000	3.207008	0	2.21E-05	0			
2944000	3.229708	0	2.21E-05	0			
2948000	3.221208	0	2.21E-05	0			
2952000	3.170708	0	2.21E-05	0			
2956000	3.068608	0	2.21E-05	0			
2960000	2.910608	0	2.21E-05	0			
2964000	2.701308	0	2.21E-05	0			
2968000	2.455708	0	2.21E-05	0			
2972000	2.196008	0	2.21E-05	0			
2976000	1.945808	0	2.21E-05	0			
2980000	1.723508	0	2.21E-05	0			
2984000	1.539508	0	2.21E-05	0			
2988000	1.396208	0	2.21E-05	0			
2992000	1.290808	0	2.21E-05	0			
2996000	1.217608	0	2.21E-05	0			
3000000	1.170408	0	2.21E-05	0			
3010000	1.129508	0	2.21E-05	0			
3020000	1.150308	0	2.21E-05	0			
3030000	1.197608	0	2.21E-05	0			
3040000	1.254708	0	2.21E-05	0			
3050000	1.314008	0	2.21E-05	0			
3053000	1.331608	0	2.21E-05	0			
3060000	1.372507	0	2.21E-05	0			
3080000	1.482507	0	2.21E-05	0			
3100000	1.582607	0	2.21E-05	0			
3120000	1.674407	0	2.21E-05	0			
3140000	1.759907	0	2.21E-05	0			
3160000	1.840407	0	2.21E-05	0			
3180000	1.917107	0	2.21E-05	0			
3200000	1.990407	0	2.21E-05	0			
3220000	2.060906	0	2.21E-05	0			
3240000	2.128506	0	2.21E-05	0			
3260000	2.193206	0	2.21E-05	0			
3280000	2.254906	0	2.21E-05	0			
3300000	2.313206	0	2.21E-05	0			
3320000	2.367806	0	2.21E-05	0			
3340000	2.418306	0	2.21E-05	0			
3360000	2.464406	0	2.21E-05	0			
3380000	2.505805	0	2.21E-05	0			
3400000	2.542005	0	2.21E-05	0			
3420000	2.572905	0	2.21E-05	0			
3440000	2.598405	0	2.21E-05	0			
3460000	2.618205	0	2.21E-05	0			
3480000	2.632405	0	2.21E-05	0			
3500000	2.641005	0	2.21E-05	0			
3520000	2.644205	0	2.21E-05	0			
3540000	2.642204	0	2.21E-05	0			
3553000	2.637704	0	2.21E-05	0			
3560000	2.635304	0	2.21E-05	0			
3580000	2.623804	0	2.21E-05	0			
3600000	2.608104	0	2.21E-05	0			
3620000	2.588504	0	2.21E-05	0			
3640000	2.565404	0	2.21E-05	0			
3660000	2.539304	0	2.21E-05	0			
3680000	2.510503	0	2.21E-05	0			
3700000	2.479503	0	2.21E-05	0			
3720000	2.446503	0	2.21E-05	0			
3740000	2.412003	0	2.21E-05	0			
3760000	2.376203	0	2.21E-05	0			
3780000	2.339403	0	2.21E-05	0			
3800000	2.301902	0	2.21E-05	0			
3820000	2.263902	0	2.21E-05	0			
3840000	2.225702	0	2.21E-05	0			
3860000	2.187402	0	2.21E-05	0			
3880000	2.149102	0	2.21E-05	0			
3900000	2.111202	0	2.21E-05	0			
3920000	2.073601	0	2.21E-05	0			
3940000	2.036701	0	2.21E-05	0			
3960000	2.000701	0	2.21E-05	0			
3980000	1.965701	0	2.21E-05	0			
4000000	1.932101	0	2.21E-05	0			
4010000	1.916001	0	2.21E-05	0			
4020000	1.900401	0	2.21E-05	0			
4030000	1.8855	0	2.21E-05	0			
4040000	1.8714	0	2.21E-05	0			
4050000	1.8581	0	2.21E-05	0			
4053000	1.8545	0	2.21E-05	0			
4060000	1.8459	0	2.21E-05	0			
4070000	1.835	0	2.21E-05	0			
4080000	1.8255	0	2.21E-05	0			
4090000	1.818	0	2.21E-05	0			
4100000	1.8126	0	2.21E-05	0			
4110000	1.8098	0	2.21E-05	0			
4120000	1.8103	0	2.21E-05	0			
4130000	1.8145	0	2.21E-05	0			
4140000	1.8233	0	2.21E-05	0			
4150000	1.8372	0	2.21E-05	0			
4160000	1.8572	0	2.21E-05	0			
4170000	1.8839	0	2.21E-05	0			
4180000	1.917499	0	2.21E-05	0			
4190000	1.957899	0	2.21E-05	0			
4200000	2.004299	0	2.21E-05	0			
4210000	2.054899	0	2.21E-05	0			
4220000	2.106599	0	2.21E-05	0			
4230000	2.155899	0	2.21E-05	0			
4240000	2.198799	0	2.21E-05	0			
4250000	2.231899	0	2.21E-05	0			
4260000	2.252799	0	2.21E-05	0			
4270000	2.260899	0	2.21E-05	0			
4280000	2.256799	0	2.21E-05	0			
4290000	2.242199	0	2.21E-05	0			
4300000	2.219499	0	2.21E-05	0			
4310000	2.190899	0	2.21E-05	0			
4320000	2.158499	0	2.21E-05	0			
4330000	2.123998	0	2.21E-05	0			
4340000	2.088598	0	2.21E-05	0			
4350000	2.053398	0	2.21E-05	0			
4360000	2.018898	0	2.21E-05	0			
4370000	1.985398	0	2.21E-05	0			
4380000	1.953298	0	2.21E-05	0			
4390000	1.922598	0	2.21E-05	0			
4400000	1.893298	0	2.21E-05	0			
4420000	1.838998	0	2.21E-05	0			
4440000	1.789898	0	2.21E-05	0			
4460000	1.745398	0	2.21E-05	0			
4480000	1.704898	0	2.21E-05	0			
4500000	1.667697	0	2.21E-05	0			
4520000	1.633297	0	2.21E-05	0			
4540000	1.601497	0	2.21E-05	0			
4553000	1.582197	0	2.21E-05	0			
4560000	1.571697	0	2.21E-05	0			
4580000	1.543797	0	2.21E-05	0			
4600000	1.517497	0	2.21E-05	0			
4620000	1.492496	0	2.21E-05	0			
4640000	1.468796	0	2.21E-05	0			
4660000	1.446196	0	2.21E-05	0			
4680000	1.424496	0	2.21E-05	0			
4700000	1.403596	0	2.21E-05	0			
4720000	1.383396	0	2.21E-05	0			
4740000	1.363895	0	2.21E-05	0			
4760000	1.344795	0	2.21E-05	0			
4780000	1.326195	0	2.21E-05	0			
4800000	1.307795	0	2.21E-05	0			
4810000	1.298595	0	2.21E-05	0			
4812000	1.296695	0	2.21E-05	0			
4812089	1.296595	0	2.21E-05	0			
4820000	1.289876	0	2.21E-05	0			
4850000	1.270495	0	2.21E-05	0			
4899900	1.251794	0	2.21E-05	0			
4900000	1.251794	0	2.21E-05	0			
4919400	1.275094	0	2.21E-05	0			
4920000	1.279494	0	2.21E-05	0			
4930000	1.352594	0	2.21E-05	0			
4934500	1.385194	0	2.21E-05	0			
4935500	1.763393	0	2.21E-05	0			
4936700	2.011594	0	2.21E-05	0			
4938500	1.985894	0	2.21E-05	0			
4939500	1.782794	0	2.21E-05	0			
4940000	1.739694	0	2.21E-05	0			
4943200	1.463894	0	2.21E-05	0			
4948100	1.325594	0	2.21E-05	0			
4950000	1.312394	0	2.21E-05	0			
4954600	1.280594	0	2.21E-05	0			
4958400	1.259293	0	2.21E-05	0			
4980000	1.223593	0	2.21E-05	0			
4990000	1.203393	0	2.21E-05	0			
5000000	1.183193	0	2.21E-05	0			
5001000	1.195393	0	2.21E-05	0			
5030000	1.177293	0	2.23E-05	0			
5053000	1.172493	0	2.25E-05	0			
5100000	1.151193	0	2.28E-05	0			
5120000	1.112493	0	2.29E-05	0			
5150000	1.135693	0	2.31E-05	0			
5180000	1.124692	0	2.33E-05	0			
5200000	1.107792	0	2.35E-05	0			
5230000	1.098193	0	2.37E-05	0			
5280000	1.064892	0	2.40E-05	0			
5300000	1.058092	0	2.42E-05	0			
5330000	1.045492	0	2.44E-05	0			
5335000	1.079592	0	2.44E-05	0			
5340000	1.027092	0	2.44E-05	0			
5360000	1.578292	0	2.46E-05	0			
5362000	1.825492	0	2.46E-05	0			
5370000	1.992292	0	2.46E-05	0			
5371000	1.971592	0	2.46E-05	0			
5378000	1.757692	0	2.47E-05	0			
5380000	1.679592	0	2.47E-05	0			
5390000	1.462692	0	2.48E-05	0			
5400000	1.327692	0	2.48E-05	0			
5410000	1.261091	0	2.49E-05	0			
5420000	1.227791	0	2.50E-05	0			
5430000	1.198991	0	2.50E-05	0			
5440000	1.190991	0	2.51E-05	0			
5460000	1.145691	0	2.53E-05	0			
5474740	1.135853	0	2.54E-05	0			
5500000	1.118991	0	2.57E-05	0			
5550000	1.101191	0	2.64E-05	0			
5553000	1.110891	0	2.65E-05	0			
5600000	1.088791	0	2.71E-05	0			
5650000	1.07919	0	2.79E-05	0			
5700000	1.06819	0	2.86E-05	0			
5800000	1.078789	0	3.02E-05	0			
5900000	1.079689	0	3.18E-05	0			
6000000	1.097488	0	3.34E-05	0			
6050000	1.104088	0	3.41E-05	0			
6053000	1.107988	0	3.42E-05	0			
6125000	1.133187	0	3.52E-05	0			
6160000	1.162287	0	3.57E-05	0			
6174000	1.189386	0	3.59E-05	0			
6180000	1.195986	0	3.60E-05	0			
6181200	1.197886	0	3.61E-05	0			
6181241	1.197951	0	3.61E-05	0			
6190000	1.211886	0	7.42E-05	0			
6200000	1.227786	0	1.94E-04	0			
6210000	1.274485	0	2.54E-04	0			
6220000	1.293186	0	3.15E-04	0			
6230000	1.345086	0	3.75E-04	0			
6240000	1.428886	0	4.36E-04	0			
6250000	1.503185	0	4.96E-04	0			
6285000	2.415385	0	7.07E-04	0			
6295000	2.710685	0	7.68E-04	0			
6303000	2.598985	0	8.16E-04	0			
6310000	2.360385	0	8.58E-04	0			
6320000	1.935084	0	9.18E-04	0			
6330000	1.703084	0	9.78E-04	0			
6340000	1.520584	0	9.79E-04	0			
6350000	1.481884	0	9.80E-04	0			
6360000	1.600884	0	9.81E-04	0			
6370000	1.406384	0	9.82E-04	0			
6390000	1.178384	0	9.83E-04	0			
6400000	1.154883	0	9.84E-04	0			
6410000	1.117683	0	9.85E-04	0			
6420000	1.089983	0	9.86E-04	0			
6430000	1.102883	0	9.87E-04	0			
6440000	1.079583	0	9.88E-04	0			
6450000	1.079783	0	9.89E-04	0			
6470000	1.060183	0	9.90E-04	0			
6490000	1.057582	0	9.92E-04	0			
6510000	1.037282	0	9.94E-04	0			
6540000	0.9720818	0	9.96E-04	0			
6553000	0.8956516	0	9.98E-04	0			
6558080	0.861855	0	9.98E-04	0			
6560000	0.8490815	0	9.98E-04	0			
6570000	0.7694413	0	9.99E-04	0			
6580000	0.7322213	0	1.00E-03	0			
6590000	0.7432111	0	1.00E-03	0			
6600000	0.7378109	0	1.00E-03	0			
6620000	0.7818406	0	1.00E-03	0			
6640000	0.7638103	0	1.01E-03	0			
6658000	0.93583	0	1.01E-03	0			
6665000	0.8630899	0	1.01E-03	0			
6670000	0.8490199	0	1.01E-03	0			
6680000	0.8427597	0	1.01E-03	0			
6700000	0.8365495	0	1.01E-03	0			
6750000	0.8158088	0	1.02E-03	0			
6810000	0.7978879	0	1.02E-03	0			
6920000	0.7698765	0	1.03E-03	0			
7000000	0.7449554	0	1.04E-03	0			
7053000	0.7490647	0	1.04E-03	0			
7100000	0.7487835	0	1.05E-03	0			
7140000	0.7680625	0	1.05E-03	0			
7180000	0.7976015	0	1.06E-03	0			
7200000	0.844631	0	2.06E-03	0			
7220000	0.8775805	0	3.05E-03	0			
7225000	0.8878304	0	3.30E-03	0			
7250000	0.9766898	0	4.54E-03	0			
7270000	1.069069	0	5.53E-03	0			
7280000	1.138669	0	6.02E-03	0			
7340000	1.644468	0	1.10E-02	0			
7350000	1.756167	0	1.31E-02	0			
7360000	1.755467	0	1.52E-02	0			
7370000	1.808567	0	1.73E-02	0			
7400000	1.781366	0	2.35E-02	0			
7420000	1.770766	0	2.76E-02	0			
7470000	1.755565	0	3.79E-02	0			
7529000	1.753963	0	5.00E-02	0			
7542000	1.734563	0	5.26E-02	0			
7553000	1.725263	0	5.48E-02	0			
7594000	1.704063	0	6.37E-02	0			
7620000	1.700962	0	7.35E-02	0			
7641410	1.716306	0	8.12E-02	0			
7650000	1.722463	0	8.43E-02	0			
7667000	1.782362	0	8.96E-02	0			
7680000	1.808563	0	9.21E-02	0			
7698000	1.927363	0	9.66E-02	0			
7700000	1.932363	0	9.70E-02	0			
7725000	2.225263	0	1.03E-01	0			
7745000	2.425763	0	1.07E-01	0			
7750000	2.392663	0	1.08E-01	0			
7770000	2.275063	0	1.12E-01	0			
7789000	2.143163	0	1.15E-01	0			
7810000	2.053562	0	1.19E-01	0			
7819000	2.058863	0	1.21E-01	0			
7860000	2.001662	0	1.30E-01	0			
7886400	1.970563	0	1.33E-01	0			
7886448	1.969909	0	1.33E-01	0			
7888000	1.948765	0	1.31E-01	0			
7897000	1.945667	0	1.32E-01	0			
7930000	1.912864	0	1.32E-01	0			
7936000	1.891363	0	1.31E-01	0			
8000000	1.852762	0	1.28E-01	0			
8005000	1.86376	0	1.29E-01	0			
8010000	1.816367	0	1.29E-01	0			
8014000	1.854863	0	1.30E-01	0			
8044000	1.842966	0	1.23E-01	0			
8053000	1.882659	0	1.22E-01	0			
8079000	1.885067	0	1.18E-01	0			
8080000	1.875858	0	1.17E-01	0			
8100000	1.885867	0	1.13E-01	0			
8101000	1.903859	0	1.13E-01	0			
8105000	1.888365	0	1.12E-01	0			
8109000	1.867361	0	1.10E-01	0			
8120000	1.850066	0	1.08E-01	0			
8131000	1.813862	0	1.06E-01	0			
8138000	1.798462	0	1.05E-01	0			
8160000	1.714964	0	9.99E-02	0			
8166000	1.669763	0	9.80E-02	0			
8200000	1.516862	0	9.14E-02	0			
8210000	1.471067	0	8.90E-02	0			
8218000	1.452768	0	8.74E-02	0			
8240000	1.39996	0	8.28E-02	0			
8280000	1.299568	0	7.69E-02	0			
8295800	1.264061	0	7.72E-02	0			
8296200	1.258862	0	7.71E-02	0			
8296218	1.258843	0	7.71E-02	0			
8320000	1.23417	0	7.68E-02	0			
8330000	1.213361	0	7.60E-02	0			
8391000	1.146768	0	7.32E-02	0			
8400000	1.136962	0	7.28E-02	0			
8426000	1.135568	0	7.18E-02	0			
8448000	1.118466	0	7.06E-02	0			
8450000	1.10167	0	7.00E-02	0			
8480000	1.107065	0	6.98E-02	0			
8499500	1.083969	0	6.82E-02	0			
8500000	1.074868	0	6.80E-02	0			
8520000	1.083365	0	6.66E-02	0			
8553000	1.066372	0	6.44E-02	0			
8600000	1.079566	0	6.14E-02	0			
8611000	1.079372	0	6.07E-02	0			
8664000	1.065267	0	6.23E-02	0			
8700000	1.068175	0	6.82E-02	0			
8708000	1.06277	0	6.93E-02	0			
8724740	1.062252	0	7.17E-02	0			
8750000	1.061469	0	7.54E-02	0			
8768000	1.067773	0	7.80E-02	0			
8800000	1.071972	0	8.21E-02	0			
8833000	1.076379	0	9.64E-02	0			
8850000	1.077176	0	1.06E-01	0			
8885000	1.097576	0	1.25E-01	0			
8920000	1.086377	0	1.38E-01	0			
8940000	1.103974	0	1.49E-01	0			
8980000	1.130979	0	1.77E-01	0			
9000000	1.132576	0	1.92E-01	0			
9005000	1.152975	0	1.97E-01	0			
9020000	1.154571	0	2.01E-01	0			
9030000	1.167779	0	2.06E-01	0			
9045000	1.174776	0	2.10E-01	0			
9053000	1.197678	0	2.15E-01	0			
9067000	1.196877	0	2.16E-01	0			
9080000	1.223578	0	2.24E-01	0			
9149000	1.288775	0	2.49E-01	0			
9163000	1.307385	0	2.53E-01	0			
9180000	1.302277	0	2.50E-01	0			
9219000	1.330681	0	2.82E-01	0			
9250000	1.325782	0	2.81E-01	0			
9254000	1.339383	0	2.84E-01	0			
9300000	1.319581	0	2.77E-01	0			
9360000	1.292989	0	2.63E-01	0			
9400000	1.27009	0	2.56E-01	0			
9450000	1.25299	0	2.43E-01	0			
9500000	1.235289	0	2.21E-01	0			
9522000	1.23499	0	2.13E-01	0			
9553000	1.223588	0	1.97E-01	0			
9560000	1.230089	0	1.95E-01	0			
9590000	1.221988	0	1.86E-01	0			
9600000	1.219291	0	1.84E-01	0			
9630000	1.222891	0	1.79E-01	0			
9640000	1.231494	0	1.79E-01	0			
9678000	1.226192	0	1.79E-01	0			
9680000	1.223997	0	1.78E-01	0			
9692000	1.225995	0	1.82E-01	0			
9700000	1.236193	0	1.90E-01	0			
9726000	1.230893	0	2.04E-01	0			
9740000	1.245996	0	2.12E-01	0			
9750000	1.226589	0	2.02E-01	0			
9800000	1.229395	0	1.83E-01	0			
9808080	1.224817	0	1.81E-01	0			
9821000	1.217498	0	1.77E-01	0			
9830000	1.218794	0	1.77E-01	0			
9868000	1.198592	0	1.72E-01	0			
9900000	1.182195	0	1.66E-01	0			
9917000	1.183099	0	1.65E-01	0			
9921000	1.173099	0	1.63E-01	0			
1.00E+07	1.172996	0	1.62E-01	0			
1.01E+07	1.147593	0	1.54E-01	0			
1.01E+07	1.138694	0	1.53E-01	0			
1.02E+07	1.118301	0	1.27E-01	0			
1.03E+07	1.112793	0	1.27E-01	0			
1.03E+07	1.1116	0	1.24E-01	0			
1.04E+07	1.137695	0	1.30E-01	0			
1.04E+07	1.145695	0	1.24E-01	0			
1.04E+07	1.161898	0	1.06E-01	0			
1.04E+07	1.161931	0	1.06E-01	0			
1.05E+07	1.179299	0	1.03E-01	0			
1.05E+07	1.1957	0	1.00E-01	0			
1.05E+07	1.196201	0	9.97E-02	0			
1.05E+07	1.212098	0	9.68E-02	0			
1.06E+07	1.209598	0	9.53E-02	0			
1.06E+07	1.222404	0	9.57E-02	0			
1.06E+07	1.254598	0	9.27E-02	0			
1.07E+07	1.298497	0	9.09E-02	0			
1.07E+07	1.298803	0	9.03E-02	0			
1.08E+07	1.331401	0	8.85E-02	0			
1.08E+07	1.3552	0	8.67E-02	0			
1.08E+07	1.374507	0	8.60E-02	0			
1.09E+07	1.40661	0	8.25E-02	0			
1.09E+07	1.411106	0	8.20E-02	0			
1.09E+07	1.420199	0	7.84E-02	0			
1.10E+07	1.408503	0	7.48E-02	0			
1.10E+07	1.400507	0	7.45E-02	0			
1.11E+07	1.4012	0	7.39E-02	0			
1.11E+07	1.388901	0	7.51E-02	0			
1.11E+07	1.393905	0	7.54E-02	0			
1.12E+07	1.400204	0	7.74E-02	0			
1.12E+07	1.401198	0	7.75E-02	0			
1.13E+07	1.386698	0	8.29E-02	0			
1.13E+07	1.383199	0	8.71E-02	0			
1.14E+07	1.3734	0	8.72E-02	0			
1.15E+07	1.356502	0	8.77E-02	0			
1.16E+07	1.345007	0	8.91E-02	0			
1.17E+07	1.336904	0	9.23E-02	0			
1.18E+07	1.354804	0	9.40E-02	0			
1.18E+07	1.349199	0	9.38E-02	0			
1.18E+07	1.359199	0	9.45E-02	0			
1.18E+07	1.373199	0	9.53E-02	0			
1.19E+07	1.412699	0	9.76E-02	0			
1.19E+07	1.408001	0	9.74E-02	0			
1.19E+07	1.421696	0	9.82E-02	0			
1.20E+07	1.424966	0	1.05E-01	0			
1.20E+07	1.4264	0	1.08E-01	0			
1.21E+07	1.444598	0	1.16E-01	0			
1.21E+07	1.449995	0	1.17E-01	0			
1.21E+07	1.449094	0	1.22E-01	0			
1.21E+07	1.451595	0	1.24E-01	0			
1.22E+07	1.387198	0	1.13E-01	0			
1.22E+07	1.374999	0	1.11E-01	0			
1.23E+07	1.367496	0	1.10E-01	0			
1.23E+07	1.345293	0	1.06E-01	0			
1.24E+07	1.324997	0	1.02E-01	0			
1.25E+07	1.331791	0	9.86E-02	0			
1.26E+07	1.34139	0	9.76E-02	0			
1.26E+07	1.347486	0	9.62E-02	0			
1.27E+07	1.366483	0	9.29E-02	0			
1.27E+07	1.366982	0	9.05E-02	0			
1.28E+07	1.387586	0	8.99E-02	0			
1.29E+07	1.401979	0	8.73E-02	0			
1.30E+07	1.423478	0	8.48E-02	0			
1.30E+07	1.420377	0	8.53E-02	0			
1.31E+07	1.415579	0	8.37E-02	0			
1.31E+07	1.415655	0	8.35E-02	0			
1.31E+07	1.416278	0	8.27E-02	0			
1.31E+07	1.416379	0	8.22E-02	0			
1.33E+07	1.407367	0	7.89E-02	0			
1.33E+07	1.394972	0	7.74E-02	0			
1.33E+07	1.397273	0	7.73E-02	0			
1.35E+07	1.392767	0	7.37E-02	0			
1.35E+07	1.396513	0	7.32E-02	0			
1.35E+07	1.39997	0	7.29E-02	0			
1.36E+07	1.399463	0	7.25E-02	0			
1.36E+07	1.400467	0	7.16E-02	0			
1.36E+07	1.385961	0	7.10E-02	0			
1.37E+07	1.381461	0	7.17E-02	0			
1.38E+07	1.373963	0	7.13E-02	0			
1.38E+07	1.373761	0	7.12E-02	0			
1.38E+07	1.348648	0	6.77E-02	0			
1.38E+07	1.348849	0	6.76E-02	0			
1.40E+07	1.330554	0	6.37E-02	0			
1.40E+07	1.302255	0	6.24E-02	0			
1.41E+07	1.315355	0	6.85E-02	0			
1.41E+07	1.324947	0	7.14E-02	0			
1.42E+07	1.329354	0	7.27E-02	0			
1.43E+07	1.334251	0	7.17E-02	0			
1.44E+07	1.321156	0	6.92E-02	0			
1.44E+07	1.312152	0	6.84E-02	0			
1.45E+07	1.313754	0	6.93E-02	0			
1.45E+07	1.320049	0	6.87E-02	0			
1.46E+07	1.333949	0	6.75E-02	0			
1.46E+07	1.334389	0	6.66E-02	0			
1.46E+07	1.334451	0	6.65E-02	0			
1.47E+07	1.363046	0	6.16E-02	0			
1.47E+07	1.379249	0	5.91E-02	0			
1.48E+07	1.38065	0	5.61E-02	0			
1.48E+07	1.377453	0	5.51E-02	0			
1.48E+07	1.380448	0	5.37E-02	0			
1.48E+07	1.382448	0	5.37E-02	0			
1.48E+07	1.385444	0	5.35E-02	0			
1.49E+07	1.388749	0	5.31E-02	0			
1.49E+07	1.390146	0	5.28E-02	0			
1.49E+07	1.390146	0	5.28E-02	0			
1.49E+07	1.396548	0	5.29E-02	0			
1.49E+07	1.398548	0	5.27E-02	0			
1.49E+07	1.399251	0	5.27E-02	0			
1.49E+07	1.396453	0	5.25E-02	0			
1.50E+07	1.396946	0	5.23E-02	0			
1.50E+07	1.396749	0	5.22E-02	0			
1.50E+07	1.403547	0	5.22E-02	0			
1.50E+07	1.397448	0	5.20E-02	0			
1.50E+07	1.399651	0	5.20E-02	0			
1.50E+07	1.410252	0	5.22E-02	0			
1.51E+07	1.414545	0	5.22E-02	0			
1.51E+07	1.425352	0	5.22E-02	0			
1.52E+07	1.432575	0	5.27E-02	0			
1.52E+07	1.433853	0	5.28E-02	0			
1.53E+07	1.433844	0	5.29E-02	0			
1.53E+07	1.433886	0	5.29E-02	0			
1.54E+07	1.454348	0	5.48E-02	0			
1.55E+07	1.454953	0	5.47E-02	0			
1.55E+07	1.457055	0	5.54E-02	0			
1.56E+07	1.463855	0	5.68E-02	0			
1.57E+07	1.479654	0	5.74E-02	0			
1.60E+07	1.507366	0	6.44E-02	0			
1.60E+07	1.513663	0	6.44E-02	0			
1.60E+07	1.50996	0	6.40E-02	0			
1.60E+07	1.515563	0	6.39E-02	0			
1.61E+07	1.502663	0	6.62E-02	0			
1.61E+07	1.501969	0	6.74E-02	0			
1.63E+07	1.463266	0	7.03E-02	0			
1.63E+07	1.447296	0	7.57E-02	0			
1.63E+07	1.435372	0	7.97E-02	0			
1.63E+07	1.435371	0	7.97E-02	0			
1.64E+07	1.438169	0	8.19E-02	0			
1.65E+07	1.432772	0	8.04E-02	0			
1.65E+07	1.42898	0	7.96E-02	0			
1.66E+07	1.425474	0	8.09E-02	0			
1.67E+07	1.408479	0	8.78E-02	0			
1.68E+07	1.400589	0	8.98E-02	0			
1.68E+07	1.399388	0	8.99E-02	0			
1.70E+07	1.395692	0	9.54E-02	0			
1.70E+07	1.397196	0	9.64E-02	0			
1.71E+07	1.401294	0	9.84E-02	0			
1.71E+07	1.405899	0	9.96E-02	0			
1.71E+07	1.398102	0	1.03E-01	0			
1.73E+07	1.39311	0	1.05E-01	0			
1.73E+07	1.393109	0	1.05E-01	0			
1.73E+07	1.393109	0	1.06E-01	0			
1.73E+07	1.406407	0	1.05E-01	0			
1.74E+07	1.403003	0	1.05E-01	0			
1.74E+07	1.401511	0	1.05E-01	0			
1.74E+07	1.401493	0	1.05E-01	0			
1.75E+07	1.401109	0	1.04E-01	0			
1.75E+07	1.40561	0	1.04E-01	0			
1.76E+07	1.410715	0	1.04E-01	0			
1.76E+07	1.416516	0	1.04E-01	0			
1.77E+07	1.417617	0	1.05E-01	0			
1.79E+07	1.431729	0	1.09E-01	0			
1.79E+07	1.434529	0	1.09E-01	0			
1.80E+07	1.44293	0	1.10E-01	0			
1.81E+07	1.452734	0	1.10E-01	0			
1.81E+07	1.446735	0	1.09E-01	0			
1.82E+07	1.467937	0	1.09E-01	0			
1.83E+07	1.465737	0	1.08E-01	0			
1.85E+07	1.461642	0	1.09E-01	0			
1.85E+07	1.464654	0	1.08E-01	0			
1.85E+07	1.469838	0	1.08E-01	0			
1.85E+07	1.472938	0	1.08E-01	0			
1.86E+07	1.476437	0	1.08E-01	0			
1.86E+07	1.483835	0	1.08E-01	0			
1.87E+07	1.487234	0	1.08E-01	0			
1.88E+07	1.485137	0	1.09E-01	0			
1.90E+07	1.487339	0	1.08E-01	0			
1.90E+07	1.487796	0	1.08E-01	0			
1.90E+07	1.487851	0	1.08E-01	0			
1.91E+07	1.488166	0	1.08E-01	0			
1.92E+07	1.490677	0	1.06E-01	0			
1.93E+07	1.494303	0	1.04E-01	0			
1.95E+07	1.497976	0	1.03E-01	0			
1.95E+07	1.498241	0	1.03E-01	0			
1.96E+07	1.499222	0	1.04E-01	0			
1.96E+07	1.499339	0	1.04E-01	0			
1.96E+07	1.500299	0	1.07E-01	0			
1.97E+07	1.501636	0	1.06E-01	0			
1.98E+07	1.504243	0	1.03E-01	0			
1.99E+07	1.50579	0	9.75E-02	0			
2.00E+07	1.507006	0	1.08E-01	0			
2.00E+07	1.507003	0	5.41E-02	0			
