1.00E-05	35.92766	24.86787	11.05979	0
1.06E-05	34.87757	24.148	10.72957	0
1.13E-05	33.91688	23.48961	10.42727	0
1.19E-05	33.03365	22.8845	10.14916	0
1.25E-05	32.21805	22.32587	9.892176	0
1.38E-05	30.75837	21.32655	9.43182	0
1.50E-05	29.48684	20.45656	9.03028	0
1.63E-05	28.36645	19.69044	8.676012	0
1.75E-05	27.36965	19.00923	8.360414	0
1.88E-05	26.47541	18.39848	8.076927	0
2.00E-05	25.66742	17.84697	7.820451	0
2.19E-05	24.5896	17.11182	7.477782	0
2.38E-05	23.64389	16.46735	7.176538	0
2.56E-05	22.80558	15.89658	6.908995	0
2.75E-05	22.05596	15.38666	6.669303	0
2.94E-05	21.3806	14.92766	6.452943	0
3.13E-05	20.76813	14.51177	6.256361	0
3.31E-05	20.20948	14.13277	6.076714	0
3.50E-05	19.69731	13.78561	5.911705	0
3.88E-05	18.78937	13.171	5.618377	0
4.25E-05	18.00735	12.64257	5.364785	0
4.63E-05	17.325	12.18231	5.142696	0
5.00E-05	16.72315	11.77707	4.946087	0
5.31E-05	16.2726	11.4742	4.798409	0
5.63E-05	15.86139	11.19818	4.663215	0
5.94E-05	15.48422	10.94538	4.53884	0
6.25E-05	15.13674	10.71283	4.423914	0
6.88E-05	14.51701	10.29898	4.218036	0
7.50E-05	13.97964	9.941175	4.038462	0
8.13E-05	13.50828	9.628252	3.880029	0
8.75E-05	13.09079	9.351901	3.738889	0
9.38E-05	12.71791	9.1058	3.61211	0
1.00E-04	12.38246	8.885046	3.49741	0
1.06E-04	12.07875	8.685769	3.392986	0
1.13E-04	11.80226	8.504868	3.297389	0
1.19E-04	11.54927	8.33983	3.209442	0
1.25E-04	11.31677	8.188589	3.128177	0
1.38E-04	10.90353	7.920932	2.982599	0
1.50E-04	10.54685	7.691227	2.855621	0
1.63E-04	10.23536	7.491773	2.743591	0
1.75E-04	9.960648	7.316858	2.64379	0
1.88E-04	9.716294	7.16215	2.554143	0
2.00E-04	9.497336	7.024297	2.473038	0
2.19E-04	9.20817	6.843494	2.364676	0
2.38E-04	8.957412	6.687998	2.269414	0
2.56E-04	8.737634	6.552825	2.184809	0
2.75E-04	8.543243	6.434232	2.109011	0
2.94E-04	8.369938	6.329346	2.040592	0
3.13E-04	8.214357	6.235931	1.978426	0
3.31E-04	8.073827	6.15221	1.921617	0
3.50E-04	7.946196	6.076761	1.869436	0
3.88E-04	7.722924	5.946247	1.776677	0
4.25E-04	7.533836	5.837353	1.696483	0
4.63E-04	7.37142	5.745168	1.626252	0
5.00E-04	7.230239	5.666161	1.564078	0
5.31E-04	7.125866	5.608488	1.517378	0
5.63E-04	7.031613	5.556988	1.474626	0
5.94E-04	6.946026	5.510731	1.435295	0
6.25E-04	6.867918	5.468966	1.398952	0
6.88E-04	6.730399	5.396551	1.333847	0
7.50E-04	6.613032	5.335971	1.277061	0
8.13E-04	6.511529	5.284569	1.22696	0
8.75E-04	6.42275	5.240422	1.182328	0
9.38E-04	6.344344	5.202107	1.142237	0
0.001	6.274513	5.168547	1.105966	0
0.0010625	6.211858	5.138913	1.072945	0
0.001125	6.155273	5.112558	1.042715	0
0.0011875	6.103872	5.088967	1.014904	0
0.00125	6.056937	5.06773	0.9892063	0
0.001375	5.974209	5.031038	0.9431712	0
0.0015	5.903471	5.000454	0.9030177	0
0.001625	5.842163	4.974572	0.8675913	0
0.00175	5.788418	4.952386	0.8360319	0
0.001875	5.74084	4.933157	0.8076837	0
0.002	5.698368	4.916331	0.7820365	0
0.0021875	5.642469	4.894698	0.7477703	0
0.002375	5.594128	4.876481	0.7176469	0
0.0025625	5.551823	4.860929	0.6908936	0
0.00275	5.514423	4.847498	0.6669254	0
0.0029375	5.481072	4.835781	0.6452904	0
0.003125	5.451103	4.825471	0.6256327	0
0.0033125	5.423995	4.816327	0.6076684	0
0.0035	5.399331	4.808163	0.5911673	0
0.003875	5.356038	4.794205	0.5618333	0
0.00425	5.319182	4.78271	0.5364716	0
0.004625	5.287339	4.773079	0.5142602	0
0.005	5.259489	4.764892	0.4945969	0
0.0053125	5.23878	4.758952	0.4798276	0
0.005625	5.21998	4.753673	0.4663071	0
0.0059375	5.202817	4.748948	0.4538687	0
0.00625	5.187072	4.744697	0.4423752	0
0.006875	5.159137	4.737352	0.4217847	0
0.0075	5.135054	4.731231	0.4038228	0
0.008125	5.114025	4.726052	0.3879735	0
0.00875	5.095465	4.721612	0.3738537	0
0.009375	5.078935	4.717763	0.3611714	0
0.01	5.064095	4.714396	0.3496997	0
0.010625	5.050682	4.711424	0.3392583	0
0.01125	5.038484	4.708782	0.329702	0
0.011875	5.02733	4.706418	0.3209119	0
0.0125	5.01708	4.70429	0.3127901	0
0.01375	4.998852	4.700614	0.298238	0
0.015	4.983089	4.69755	0.2855388	0
0.01625	4.969285	4.694956	0.2743287	0
0.0175	4.957072	4.692732	0.2643394	0
0.01875	4.94617	4.690804	0.2553661	0
0.02	4.936365	4.689116	0.2472487	0
0.021325	4.926981	4.687543	0.239438	0
0.02265	4.918479	4.686153	0.232326	0
0.023975	4.910732	4.684916	0.225816	0
0.0253	4.903636	4.683808	0.2198286	0
0.02684375	4.896078	4.682654	0.2134242	0
0.0283875	4.889176	4.681625	0.2075512	0
0.031475	4.876989	4.679868	0.1971208	0
0.0345625	4.866526	4.678423	0.1881039	0
0.03765	4.857424	4.677212	0.1802118	0
0.0407375	4.849418	4.676183	0.1732342	0
0.043825	4.842307	4.675298	0.1670089	0
0.0469125	4.835937	4.674527	0.1614099	0
0.05	4.830189	4.67385	0.1563391	0
0.053125	4.824909	4.673244	0.1516656	0
0.05625	4.820094	4.672703	0.147391	0
0.059375	4.815682	4.672217	0.1434641	0
0.0625	4.811619	4.671779	0.1398395	0
0.06875	4.804359	4.671019	0.1333394	0
0.075	4.798035	4.670382	0.1276533	0
0.08125	4.792471	4.669838	0.1226327	0
0.0875	4.78753	4.669369	0.1181609	0
0.09375	4.783103	4.668958	0.1141448	0
0.1	4.779108	4.668596	0.1105119	0
0.10625	4.775479	4.668274	0.107205	0
0.1125	4.772163	4.667984	0.1041791	0
0.11875	4.769123	4.667722	0.1014008	0
0.125	4.766325	4.667484	0.09884096	0
0.1375	4.761311	4.667065	0.09424566	0
0.15	4.756928	4.666708	0.09022011	0
0.1625	4.753065	4.666397	0.08666794	0
0.175	4.749628	4.666124	0.0835042	0
0.1875	4.746544	4.66588	0.08066422	0
0.2	4.743763	4.66566	0.07810314	0
0.21875	4.740044	4.665367	0.07467705	0
0.2375	4.736763	4.665107	0.07165523	0
0.25625	4.733846	4.664874	0.06897164	0
0.275	4.731231	4.664663	0.06656772	0
0.29375	4.728867	4.664469	0.06439797	0
0.3125	4.726715	4.664289	0.06242666	0
0.33125	4.724746	4.66412	0.06062624	0
0.35	4.722944	4.663961	0.05898364	0
0.3875	4.719719	4.663667	0.05605192	0
0.425	4.716902	4.663398	0.0535042	0
0.5	4.71222	4.662912	0.04930795	0
0.625	4.706264	4.662197	0.0440667	0
0.75	4.701739	4.661549	0.04018915	0
0.875	4.698124	4.660941	0.03718269	0
1	4.695115	4.660357	0.03475817	0
1.25	4.690269	4.659235	0.03103418	0
1.5	4.686432	4.658149	0.02828347	0
1.75	4.683233	4.657085	0.02614774	0
2	4.680458	4.656035	0.02442318	0
2.375	4.676841	4.654478	0.02236258	0
2.75	4.673676	4.652937	0.02073923	0
3.125	4.670822	4.651409	0.01941306	0
3.5	4.668196	4.649891	0.01830547	0
4.25	4.663424	4.646877	0.01654663	0
5	4.659093	4.643893	0.01520061	0
5.00005	4.659092736	0	0.015200543	0
6.25	4.652493	0	0.01352278	0
7.5	4.646397	0	0.01228809	0
8.75	4.64064	0	0.01133636	0
10	4.635131	0	0.01057815	0
11.25	4.629812	0	0.009959927	0
12.5	4.62465	0	0.009449344	0
15	4.614713	0	0.008669865	0
17.5	4.605206	0	0.008135823	0
20	4.59607	0	0.007800351	0
21.60593	4.590388	0	0.007683372	0
23.21185	4.584854	0	0.007648604	0
25.21926	4.578171	0	0.007744811	0
27.22667	4.571765	0	0.008023535	0
28.23038	4.568669	0	0.008239221	0
29.23408	4.565696	0	0.008548704	0
31.24148	4.560083	0	0.009443471	0
32.14482	4.55778	0	0.01003807	0
33.04815	4.555662	0	0.0107995	0
33.95148	4.553775	0	0.01177471	0
34.85481	4.55219	0	0.01303468	0
35.30648	4.551521	0	0.01378274	0
35.75815	4.551011	0	0.01468456	0
36.20982	4.550614	0	0.01569542	0
36.66148	4.5504	0	0.01688429	0
37.11315	4.550348	0	0.01823188	0
37.56481	4.550584	0	0.01986129	0
38.01648	4.551132	0	0.02179804	0
38.46814	4.552072	0	0.02412213	0
38.89472	4.553416	0	0.02676871	0
39.32129	4.555328	0	0.02997763	0
39.74787	4.557975	0	0.03391657	0
40.17444	4.561593	0	0.03882004	0
40.60102	4.566518	0	0.04502398	0
40.81431	4.569568	0	0.04870994	0
41.02759	4.573112	0	0.05288806	0
41.24088	4.577341	0	0.05774855	0
41.45416	4.582338	0	0.06337319	0
41.66745	4.588259	0	0.06991853	0
41.88073	4.595316	0	0.0775948	0
42.10657	4.604334	0	0.08726339	0
42.3324	4.615373	0	0.098946	0
42.55824	4.629036	0	0.1132429	0
42.78407	4.646163	0	0.1309926	0
43.00991	4.667958	0	0.1533949	0
43.12283	4.681094	0	0.166827	0
43.23574	4.696041	0	0.1820641	0
43.34866	4.713195	0	0.1995011	0
43.46157	4.733111	0	0.2196907	0
43.57449	4.756409	0	0.2432513	0
43.6874	4.783817	0	0.2709098	0
43.80659	4.818304	0	0.3056418	0
43.92578	4.860048	0	0.3476087	0
44.04497	4.911227	0	0.3989793	0
44.16416	4.974893	0	0.462797	0
44.28335	5.055392	0	0.5433933	0
44.34295	5.103837	0	0.5918605	0
44.40254	5.159107	0	0.6471315	0
44.46214	5.222613	0	0.7106112	0
44.52173	5.296129	0	0.7840685	0
44.58133	5.381999	0	0.8698406	0
44.64092	5.483202	0	0.9708958	0
44.70679	5.617728	0	1.105186	0
44.77266	5.783187	0	1.270308	0
44.83853	5.990074	0	1.476725	0
44.87146	6.113629	0	1.59998	0
44.90439	6.253948	0	1.739944	0
44.93733	6.414412	0	1.899989	0
44.97026	6.599199	0	2.084278	0
45.0032	6.81402	0	2.298503	0
45.03613	7.066239	0	2.550006	0
45.06907	7.366325	0	2.84922	0
45.102	7.728676	0	3.210497	0
45.13493	8.174579	0	3.655055	0
45.16786	8.735586	0	4.214343	0
45.18512	9.090763	0	4.568421	0
45.20237	9.499272	0	4.975656	0
45.21962	9.972794	0	5.447695	0
45.23687	10.52554	0	5.998694	0
45.25412	11.17494	0	6.646043	0
45.27137	11.94226	0	7.410916	0
45.28862	12.85307	0	8.318823	0
45.30587	13.93781	0	9.40009	0
45.32313	15.23292	0	10.69104	0
45.34038	16.77785	0	12.231	0
45.35763	18.61938	0	14.06659	0
45.37488	20.80809	0	16.24822	0
45.39213	23.39786	0	18.82961	0
45.40938	26.44401	0	21.8659	0
45.42663	30.00075	0	25.41111	0
45.44388	34.11783	0	29.51482	0
45.46114	38.8394	0	34.22105	0
45.47839	44.18818	0	39.55245	0
45.49564	50.17692	0	45.52172	0
45.51289	56.79296	0	52.11623	0
45.54739	71.71592	0	66.99062	0
45.58189	88.25496	0	83.47579	0
45.6258	109.6712	0	104.8222	0
45.64776	119.5637	0	114.6825	0
45.66971	128.2822	0	123.3725	0
45.68979	134.8505	0	129.9194	0
45.70986	139.7623	0	134.8151	0
45.72993	142.7895	0	137.8325	0
45.75	143.7864	0	138.8261	0
45.772	142.4932	0	137.5371	0
45.79399	138.7853	0	133.8413	0
45.81599	132.876	0	127.9512	0
45.83798	125.104	0	120.2046	0
45.88304	105.1644	0	100.33	0
45.9281	83.13149	0	78.36907	0
45.95883	68.72343	0	64.00809	0
45.98955	55.74314	0	51.07024	0
46.00492	49.93162	0	45.27772	0
46.02028	44.6189	0	39.98239	0
46.03564	39.80959	0	35.18883	0
46.051	35.49795	0	30.89132	0
46.06841	31.19034	0	26.59783	0
46.08582	27.46087	0	22.88059	0
46.10323	24.26099	0	19.69121	0
46.12064	21.53661	0	16.97579	0
46.13805	19.23169	0	14.67846	0
46.15546	17.2911	0	12.74426	0
46.17287	15.66263	0	11.12117	0
46.19028	14.29842	0	9.761477	0
46.20769	13.15569	0	8.622543	0
46.2251	12.19707	0	7.667114	0
46.24251	11.3905	0	6.863242	0
46.25992	10.70894	0	6.183966	0
46.27733	10.12987	0	5.606847	0
46.29474	9.634771	0	5.113419	0
46.31215	9.208524	0	4.688622	0
46.32955	8.839096	0	4.320458	0
46.36233	8.26364	0	3.74699	0
46.3951	7.806739	0	3.291688	0
46.42787	7.435775	0	2.922041	0
46.46064	7.128915	0	2.616288	0
46.49342	6.871051	0	2.35937	0
46.52619	6.6517	0	2.140839	0
46.55896	6.463038	0	1.952895	0
46.59173	6.299283	0	1.789777	0
46.62451	6.155982	0	1.647046	0
46.65728	6.029786	0	1.521363	0
46.72282	5.818267	0	1.310736	0
46.78836	5.648751	0	1.141973	0
46.8539	5.510602	0	1.004474	0
46.91126	5.409568	0	0.9039434	0
46.96861	5.323267	0	0.8180967	0
47.02596	5.248922	0	0.7441663	0
47.08331	5.184398	0	0.6800246	0
47.14066	5.128024	0	0.6240067	0
47.19801	5.07848	0	0.5747952	0
47.31271	4.995834	0	0.4927596	0
47.42742	4.930031	0	0.427511	0
47.54212	4.876613	0	0.3746062	0
47.65682	4.832539	0	0.331014	0
47.77152	4.795758	0	0.2946908	0
47.87803	4.766813	0	0.2661534	0
47.98454	4.741922	0	0.2416555	0
48.09105	4.720351	0	0.2204665	0
48.19756	4.701524	0	0.2020132	0
48.30407	4.684988	0	0.1858417	0
48.41058	4.670376	0	0.1715889	0
48.62359	4.64581	0	0.1477228	0
48.83661	4.626093	0	0.1286901	0
49.04962	4.610062	0	0.1133297	0
49.26264	4.59666	0	0.1005883	0
49.47565	4.585336	0	0.08991766	0
49.73783	4.573679	0	0.07905551	0
50	4.563954	0	0.07011886	0
50.24415	4.556281	0	0.06317373	0
50.48829	4.549747	0	0.05736303	0
50.73243	4.543987	0	0.0523218	0
50.97657	4.538893	0	0.04794489	0
51.22071	4.534359	0	0.04412495	0
51.46485	4.530315	0	0.04079115	0
51.95313	4.523355	0	0.03524715	0
52.44141	4.517565	0	0.03086457	0
52.92969	4.512634	0	0.02733542	0
53.41797	4.508349	0	0.02444755	0
53.90625	4.50458	0	0.02207004	0
54.44336	4.50091	0	0.01992421	0
54.98047	4.497552	0	0.01808596	0
55.51758	4.49447	0	0.01651909	0
56.05469	4.491654	0	0.01521426	0
57.12891	4.486528	0	0.01309539	0
58.20313	4.48194	0	0.011498	0
59.27735	4.477705	0	0.01023908	0
60.35157	4.473747	0	0.009241577	0
61.42579	4.470015	0	0.008453084	0
62.5	4.466392	0	0.007764542	0
63.67188	4.462613	0	0.007166999	0
64.84375	4.45894	0	0.006660795	0
66.01563	4.45535	0	0.006225187	0
67.1875	4.451838	0	0.005852659	0
69.53125	4.445017	0	0.005262568	0
71.875	4.438371	0	0.004798799	0
75	4.429737	0	0.004327975	0
78.125	4.421294	0	0.00396626	0
81.25	4.413002	0	0.003679999	0
84.375	4.404833	0	0.003447561	0
87.5	4.396767	0	0.003255172	0
93.75	4.380881	0	0.002954133	0
100	4.365247	0	0.002729396	0
106.25	4.349794	0	0.002556182	0
112.5	4.334464	0	0.002419977	0
125	4.303952	0	0.002224763	0
137.5	4.273301	0	0.002102022	0
150	4.242111	0	0.002032511	0
162.5	4.209953	0	0.002006884	0
175	4.176341	0	0.002021557	0
187.5	4.140705	0	0.002077108	0
200	4.102347	0	0.00217799	0
209.0357	4.072216	0	0.002287233	0
218.0714	4.03976	0	0.002430538	0
222.5893	4.023031	0	0.002509574	0
227.1071	4.004544	0	0.002614896	0
236.1428	3.966448	0	0.002843124	0
245.1785	3.923628	0	0.003147998	0
249.6964	3.900241	0	0.003335214	0
254.2142	3.875103	0	0.003556581	0
258.7321	3.84826	0	0.003815334	0
263.2499	3.819521	0	0.004121893	0
267.7678	3.788851	0	0.004484301	0
272.2856	3.755377	0	0.004957491	0
275.2396	3.731889	0	0.005369365	0
278.1936	3.707126	0	0.005932351	0
279.6706	3.69425	0	0.006331749	0
281.1476	3.6811	0	0.006887622	0
281.8861	3.674456	0	0.00724745	0
282.6246	3.667802	0	0.007713329	0
283.3631	3.66119	0	0.008352367	0
284.1015	3.654719	0	0.00924899	0
284.4491	3.651773	0	0.009812999	0
284.7966	3.648943	0	0.01052051	0
285.1441	3.64628	0	0.01142322	0
285.4916	3.643865	0	0.01260001	0
285.8392	3.641829	0	0.01418221	0
286.013	3.641021	0	0.01519363	0
286.1867	3.640412	0	0.01640775	0
286.3605	3.640061	0	0.01788706	0
286.5342	3.640055	0	0.01971488	0
286.708	3.640518	0	0.02201749	0
286.8817	3.641643	0	0.0249827	0
287.0121	3.643104	0	0.0278249	0
287.1424	3.64532	0	0.03142004	0
287.2076	3.646816	0	0.03360427	0
287.2727	3.648652	0	0.03612643	0
287.3379	3.650934	0	0.03909371	0
287.403	3.653808	0	0.04264743	0
287.4682	3.65752	0	0.04703552	0
287.5334	3.662452	0	0.05263515	0
287.566	3.665558	0	0.0560706	0
287.5986	3.66923	0	0.06006781	0
287.6312	3.673608	0	0.06476576	0
287.6637	3.678851	0	0.07032159	0
287.6963	3.685214	0	0.07699001	0
287.7289	3.69296	0	0.08503156	0
287.7615	3.702435	0	0.0947889	0
287.794	3.714023	0	0.1066433	0
287.8266	3.728313	0	0.12118	0
287.8592	3.745897	0	0.138986	0
287.8918	3.76752	0	0.1608014	0
287.9243	3.793974	0	0.1874096	0
287.9569	3.826444	0	0.2199905	0
287.9895	3.866039	0	0.2596423	0
288.0221	3.914098	0	0.3076949	0
288.0547	3.972118	0	0.3656338	0
288.0873	4.041744	0	0.4350911	0
288.1199	4.124747	0	0.5178258	0
288.1525	4.222999	0	0.6156944	0
288.185	4.338043	0	0.7302281	0
288.2176	4.472508	0	0.8640387	0
288.2502	4.627927	0	1.018645	0
288.2828	4.806007	0	1.195743	0
288.3153	5.007556	0	1.396132	0
288.3479	5.234933	0	1.622157	0
288.3805	5.48823	0	1.873907	0
288.4131	5.767565	0	2.151501	0
288.4456	6.071426	0	2.453436	0
288.5108	6.751497	0	3.129115	0
288.5759	7.506101	0	3.87877	0
288.7062	9.094806	0	5.456997	0
288.7769	9.88449	0	6.241549	0
288.8475	10.52928	0	6.882297	0
288.9234	10.98758	0	7.338033	0
288.9834	11.1402	0	7.490203	0
289	11.14731	0	7.497455	0
289.0514	11.0719	0	7.423206	0
289.1054	10.83919	0	7.192873	0
289.1414	10.60367	0	6.959546	0
289.2044	10.05967	0	6.42036	0
289.2674	9.387225	0	5.753703	0
289.5014	6.601543	0	2.991643	0
289.5599	6.002408	0	2.397677	0
289.6184	5.481522	0	1.881371	0
289.6477	5.251873	0	1.653782	0
289.6769	5.043816	0	1.44762	0
289.7062	4.8555	0	1.261052	0
289.7354	4.687483	0	1.09463	0
289.7647	4.537642	0	0.9462479	0
289.7939	4.405847	0	0.8157758	0
289.8232	4.289912	0	0.7010456	0
289.8524	4.189274	0	0.6014966	0
289.8817	4.101853	0	0.5150658	0
289.9109	4.026865	0	0.4409751	0
289.9402	3.962451	0	0.3773801	0
289.9694	3.907772	0	0.3234457	0
289.9987	3.861249	0	0.2776073	0
290.028	3.821969	0	0.2389584	0
290.0573	3.788918	0	0.2064918	0
290.0865	3.76127	0	0.179387	0
290.1158	3.738028	0	0.156657	0
290.145	3.718646	0	0.1377558	0
290.1743	3.702372	0	0.121942	0
290.2035	3.68879	0	0.1087988	0
290.2328	3.677354	0	0.09778671	0
290.262	3.66776	0	0.08860222	0
290.2913	3.659621	0	0.08086332	0
290.3205	3.652726	0	0.07435823	0
290.3498	3.646806	0	0.06882251	0
290.379	3.641721	0	0.06411405	0
290.4375	3.633412	0	0.05654702	0
290.496	3.626916	0	0.05078017	0
290.5545	3.621655	0	0.04624089	0
290.613	3.617256	0	0.04255821	0
290.6715	3.613477	0	0.03949162	0
290.7885	3.607195	0	0.03462835	0
290.9055	3.602059	0	0.03090718	0
290.9866	3.598966	0	0.02879421	0
291.0676	3.596169	0	0.02697496	0
291.2296	3.591242	0	0.02400626	0
291.3916	3.586974	0	0.02170009	0
291.5536	3.583178	0	0.019871	0
291.7156	3.57973	0	0.01839498	0
291.8776	3.576542	0	0.01718569	0
292.0396	3.573553	0	0.01618195	0
292.2016	3.570718	0	0.01534004	0
292.4357	3.566833	0	0.01434696	0
292.6697	3.563137	0	0.01355949	0
293.1377	3.55613	0	0.01242192	0
293.6058	3.549429	0	0.01166187	0
294.0738	3.542895	0	0.01113906	0
294.5419	3.536454	0	0.01078465	0
295.0099	3.530058	0	0.01055145	0
295.9459	3.517269	0	0.01034088	0
296.954	3.503378	0	0.0103655	0
297.9621	3.48928	0	0.01057396	0
298.9702	3.474939	0	0.01095988	0
299.9783	3.460362	0	0.01154816	0
300.9864	3.445613	0	0.01238538	0
301.4905	3.438204	0	0.01296699	0
301.9945	3.430823	0	0.01370009	0
302.4986	3.423524	0	0.01464491	0
303.0026	3.416404	0	0.0158947	0
303.5066	3.40961	0	0.01759747	0
303.7586	3.406425	0	0.01871084	0
304.0106	3.403459	0	0.02007862	0
304.2267	3.401153	0	0.02151627	0
304.4427	3.399144	0	0.02327362	0
304.6587	3.397538	0	0.02545792	0
304.8747	3.396498	0	0.02823245	0
305.0368	3.396241	0	0.03085195	0
305.1988	3.396607	0	0.03410544	0
305.3608	3.397837	0	0.03823356	0
305.5228	3.40031	0	0.04361351	0
305.6038	3.4022	0	0.04695961	0
305.6848	3.404688	0	0.05090467	0
305.7658	3.407975	0	0.05564745	0
305.8468	3.412384	0	0.06151008	0
305.9278	3.418472	0	0.06904515	0
305.9683	3.422428	0	0.07372199	0
306.0088	3.427226	0	0.07923602	0
306.0493	3.433115	0	0.08583576	0
306.0898	3.44043	0	0.09385365	0
306.1303	3.449614	0	0.1037318	0
306.1708	3.461256	0	0.1160534	0
306.2113	3.476121	0	0.1315804	0
306.2518	3.4952	0	0.1512966	0
306.2923	3.519753	0	0.1764565	0
306.3126	3.534604	0	0.1915962	0
306.3328	3.551369	0	0.2086369	0
306.3531	3.570472	0	0.2280042	0
306.3733	3.592009	0	0.249789	0
306.3936	3.616506	0	0.2745185	0
306.4138	3.644062	0	0.3022873	0
306.4341	3.675324	0	0.3337409	0
306.4543	3.710383	0	0.368968	0
306.4746	3.750021	0	0.4087492	0
306.4948	3.794311	0	0.4531521	0
306.5151	3.844186	0	0.5031084	0
306.5353	3.899674	0	0.5586431	0
306.5556	3.961876	0	0.6208529	0
306.5758	4.030748	0	0.6896913	0
306.5961	4.107566	0	0.7664303	0
306.6163	4.192178	0	0.8509153	0
306.6568	4.388854	0	1.047173	0
306.6973	4.625714	0	1.283375	0
306.7378	4.90751	0	1.564242	0
306.7783	5.238492	0	1.894001	0
306.8188	5.622069	0	2.276038	0
306.8593	6.060415	0	2.712514	0
306.8998	6.554076	0	3.203972	0
306.9403	7.101594	0	3.748962	0
306.9808	7.699174	0	4.343712	0
307.0618	9.016331	0	5.65447	0
307.1428	10.42252	0	7.053722	0
307.2283	11.86921	0	8.493296	0
307.3138	13.11028	0	9.728488	0
307.3611	13.64648	0	10.26233	0
307.4083	14.04348	0	10.65782	0
307.4578	14.29181	0	10.90557	0
307.5	14.35804	0	10.97218	0
307.551	14.25568	0	10.87139	0
307.6042	13.94255	0	10.56113	0
307.6486	13.53288	0	10.15476	0
307.7152	12.70417	0	9.332304	0
307.7817	11.68484	0	8.320382	0
307.9059	9.54701	0	6.197819	0
307.968	8.490281	0	5.148667	0
308.03	7.509348	0	4.17486	0
308.0921	6.633358	0	3.305374	0
308.1232	6.24083	0	2.915828	0
308.1542	5.881765	0	2.559542	0
308.1853	5.554053	0	2.234424	0
308.2163	5.259364	0	1.942129	0
308.2474	4.994811	0	1.679792	0
308.2784	4.760679	0	1.44769	0
308.3095	4.553695	0	1.242577	0
308.3405	4.373201	0	1.063792	0
308.3716	4.215883	0	0.9080461	0
308.4026	4.080545	0	0.7741462	0
308.4337	3.964092	0	0.6590201	0
308.4647	3.865114	0	0.5612621	0
308.4957	3.781149	0	0.4784272	0
308.5267	3.710267	0	0.4085967	0
308.5578	3.650511	0	0.3498277	0
308.5888	3.600642	0	0.300885	0
308.6199	3.558878	0	0.2600001	0
308.6509	3.524198	0	0.2261557	0
308.682	3.495248	0	0.1980082	0
308.713	3.471237	0	0.1747694	0
308.7441	3.451173	0	0.1554555	0
308.7751	3.434475	0	0.1394865	0
308.8062	3.420438	0	0.1261649	0
308.8372	3.408656	0	0.1150828	0
308.8683	3.39864	0	0.1057591	0
308.8993	3.390118	0	0.09791862	0
308.9304	3.382759	0	0.09123651	0
308.9614	3.376387	0	0.08553418	0
309.0235	3.365832	0	0.07630833	0
309.0856	3.357397	0	0.06919277	0
309.1477	3.350408	0	0.0635175	0
309.2098	3.344436	0	0.05885537	0
309.2719	3.339205	0	0.05493189	0
309.3961	3.3303	0	0.04864025	0
309.5202	3.322832	0	0.04378648	0
309.6622	3.315476	0	0.03942745	0
309.8041	3.309027	0	0.03598196	0
309.946	3.303234	0	0.03320383	0
310.0879	3.297932	0	0.03092964	0
310.3541	3.288933	0	0.02764356	0
310.6202	3.280775	0	0.02524571	0
310.8863	3.273166	0	0.02344846	0
311.1524	3.26593	0	0.02207953	0
311.4185	3.258952	0	0.02102583	0
311.6846	3.252148	0	0.02020445	0
312.2168	3.238839	0	0.01903152	0
312.749	3.225718	0	0.01828874	0
313.2812	3.212619	0	0.01785091	0
314.3456	3.186182	0	0.01748053	0
315.552	3.15539	0	0.01755594	0
316.7584	3.123245	0	0.01797905	0
319.1711	3.054599	0	0.01942647	0
321.5838	2.978772	0	0.02151536	0
323.9965	2.894287	0	0.02424322	0
326.4093	2.799483	0	0.02773013	0
327.6157	2.748039	0	0.02978595	0
328.822	2.692357	0	0.03220844	0
330.0284	2.634272	0	0.03484252	0
331.2347	2.571848	0	0.03790907	0
332.4411	2.504559	0	0.04151162	0
333.6474	2.432384	0	0.04573971	0
334.6054	2.371264	0	0.04966355	0
335.5634	2.30652	0	0.05423567	0
336.5214	2.237969	0	0.05965678	0
337.4794	2.165515	0	0.06624574	0
338.4374	2.089447	0	0.07437803	0
338.9164	2.050018	0	0.07944035	0
339.3954	2.009871	0	0.08547258	0
339.8744	1.969387	0	0.09284113	0
340.3534	1.929158	0	0.1021584	0
340.8324	1.890429	0	0.114736	0
341.0719	1.872384	0	0.1230348	0
341.3114	1.855951	0	0.1333922	0
341.4977	1.844904	0	0.1434775	0
341.684	1.836211	0	0.1561484	0
341.8703	1.831187	0	0.1726858	0
341.9634	1.830754	0	0.1830796	0
342.0565	1.832375	0	0.1955404	0
342.1497	1.836977	0	0.2109784	0
342.2428	1.846211	0	0.2309635	0
342.2894	1.853459	0	0.2435368	0
342.336	1.863215	0	0.2585552	0
342.3826	1.876319	0	0.2768307	0
342.4291	1.893881	0	0.2994233	0
342.4757	1.917542	0	0.3279431	0
342.5223	1.949381	0	0.3643874	0
342.5689	1.992204	0	0.4114685	0
342.6154	2.049546	0	0.4725901	0
342.6387	2.085198	0	0.5099113	0
342.662	2.126383	0	0.5525845	0
342.6853	2.17389	0	0.6013733	0
342.7085	2.228349	0	0.6568728	0
342.7318	2.291201	0	0.7205009	0
342.7551	2.363303	0	0.7930733	0
342.7784	2.445834	0	0.8757286	0
342.8016	2.539645	0	0.9692782	0
342.8327	2.686028	0	1.114625	0
342.8637	2.85874	0	1.285411	0
342.8948	3.062788	0	1.486501	0
342.9258	3.301011	0	1.720613	0
342.9569	3.579345	0	1.993509	0
342.9879	3.900538	0	2.307817	0
343.019	4.27129	0	2.67004	0
343.05	4.693786	0	3.08226	0
343.0811	5.175167	0	3.551406	0
343.1121	5.71641	0	4.078395	0
343.1432	6.324606	0	4.670105	0
343.1742	6.998752	0	5.32554	0
343.2053	7.745248	0	6.050912	0
343.2363	8.560275	0	6.842503	0
343.2983	10.40028	0	8.628597	0
343.3693	12.8251	0	10.98102	0
343.4402	15.51303	0	13.58772	0
343.5821	21.15819	0	19.06147	0
343.6575	23.90054	0	21.72147	0
343.7329	26.14915	0	23.9044	0
343.8173	27.81057	0	25.52116	0
343.8659	28.27231	0	25.9739	0
343.9	28.3632	0	26.06632	0
343.9488	28.15423	0	25.87099	0
344.007	27.39761	0	25.14777	0
344.0579	26.31913	0	24.11257	0
344.1087	24.90762	0	22.75558	0
344.1959	21.89391	0	19.85542	0
344.2831	18.45672	0	16.54617	0
344.3704	14.9604	0	13.17989	0
344.4576	11.71679	0	10.05792	0
344.5012	10.25568	0	8.652257	0
344.5448	8.923709	0	7.371409	0
344.5884	7.729031	0	6.223256	0
344.632	6.673913	0	5.209987	0
344.6611	6.046188	0	4.607632	0
344.6902	5.477687	0	4.062516	0
344.7193	4.965942	0	3.572255	0
344.7483	4.509469	0	3.135401	0
344.7774	4.101787	0	2.745718	0
344.8065	3.740965	0	2.401328	0
344.8356	3.423266	0	2.098619	0
344.8646	3.145798	0	1.834781	0
344.8937	2.902912	0	1.604384	0
344.9228	2.691983	0	1.404879	0
344.9519	2.509523	0	1.232893	0
344.9809	2.352744	0	1.085719	0
345.01	2.217509	0	0.9593872	0
345.0391	2.101581	0	0.8517227	0
345.0682	2.002395	0	0.7602455	0
345.0972	1.917907	0	0.6829668	0
345.1263	1.845479	0	0.6173659	0
345.1554	1.783599	0	0.5619685	0
345.1845	1.730668	0	0.5152282	0
345.2135	1.685437	0	0.4759241	0
345.2426	1.646397	0	0.4426267	0
345.2717	1.612684	0	0.4144871	0
345.3298	1.557945	0	0.3704831	0
345.388	1.515536	0	0.3384491	0
345.4461	1.481756	0	0.3147787	0
345.5043	1.453836	0	0.2968273	0
345.5624	1.430078	0	0.2829229	0
345.6351	1.404341	0	0.2694395	0
345.7078	1.381666	0	0.2589787	0
345.8532	1.342143	0	0.2438821	0
345.9986	1.307475	0	0.233737	0
346.1439	1.275881	0	0.2268053	0
346.4347	1.218329	0	0.2192069	0
346.7254	1.165356	0	0.217058	0
347.0162	1.114985	0	0.2184467	0
347.3069	1.066237	0	0.2223442	0
347.8884	0.9717834	0	0.2358004	0
348.4699	0.8806068	0	0.2555555	0
349.0513	0.7934309	0	0.2812762	0
349.6328	0.7125373	0	0.3135024	0
350.2142	0.6420138	0	0.3534082	0
350.505	0.6124355	0	0.3767684	0
350.7957	0.5879595	0	0.4027401	0
351.0864	0.5699935	0	0.4317296	0
351.2318	0.5640234	0	0.4475233	0
351.3771	0.5604229	0	0.4642644	0
351.4789	0.5594673	0	0.4766047	0
351.5807	0.5599282	0	0.4894796	0
351.6825	0.5619251	0	0.502918	0
351.7842	0.5655827	0	0.5169367	0
351.886	0.571049	0	0.5315964	0
351.9877	0.5784666	0	0.546904	0
352.0386	0.5829652	0	0.554826	0
352.0895	0.5880178	0	0.5629286	0
352.1404	0.5936477	0	0.5712171	0
352.1912	0.5998666	0	0.5796804	0
352.2421	0.6067246	0	0.5883574	0
352.293	0.6142368	0	0.5972378	0
352.3439	0.6224312	0	0.6063277	0
352.3948	0.631337	0	0.6156338	0
352.4294	0.6378127	0	0.6220865	0
352.4639	0.644621	0	0.6286254	0
352.4784	0.6475896	0	0.6314053	0
352.5329	0.6593314	0	0.6420257	0
352.5874	0.6720279	0	0.6529243	0
352.6419	0.6857238	0	0.6641108	0
352.6765	0.6949589	0	0.6713667	0
352.711	0.7045996	0	0.6787238	0
352.7455	0.7146849	0	0.6862058	0
352.78	0.725228	0	0.6938153	0
352.8146	0.7362753	0	0.701578	0
352.8491	0.7477772	0	0.7094519	0
352.9181	0.7722971	0	0.7256125	0
352.9945	0.8019314	0	0.7441748	0
353.0708	0.8343064	0	0.7634497	0
353.1471	0.8696516	0	0.7835005	0
353.2234	0.9081743	0	0.8043694	0
353.2998	0.9501555	0	0.8261306	0
353.3761	0.9957265	0	0.8487753	0
353.4524	1.0452	0	0.872383	0
353.5287	1.098857	0	0.8970088	0
353.5978	1.151313	0	0.9202387	0
353.6668	1.207606	0	0.9443634	0
353.7359	1.268161	0	0.9695028	0
353.8049	1.333083	0	0.9956375	0
353.874	1.402862	0	1.022901	0
353.943	1.477624	0	1.051274	0
354.0811	1.643951	0	1.111783	0
354.2192	1.835256	0	1.177753	0
354.3573	2.055287	0	1.249866	0
354.4954	2.30847	0	1.328916	0
354.6335	2.600047	0	1.415831	0
354.7934	2.993885	0	1.527734	0
354.9533	3.459396	0	1.653677	0
355.1132	4.011221	0	1.796138	0
355.2731	4.667702	0	1.958175	0
355.433	5.452056	0	2.1436	0
355.5929	6.393987	0	2.357214	0
355.6729	6.935999	0	2.476521	0
355.7528	7.531968	0	2.605144	0
355.8328	8.190107	0	2.744458	0
355.9127	8.916514	0	2.895315	0
355.9927	9.721994	0	3.059478	0
356.0726	10.61498	0	3.238133	0
356.1526	11.60995	0	3.433586	0
356.2325	12.71878	0	3.64751	0
356.3125	13.96127	0	3.882987	0
356.3924	15.35453	0	4.142427	0
356.4724	16.92634	0	4.430052	0
356.5523	18.70207	0	4.749424	0
356.6323	20.72199	0	5.106529	0
356.7122	23.02517	0	5.506812	0
356.7922	25.67252	0	5.959131	0
356.8721	28.72719	0	6.472202	0
356.9521	32.28664	0	7.059873	0
357.032	36.4595	0	7.736953	0
357.112	41.41314	0	8.526656	0
357.1919	47.34819	0	9.455908	0
357.2792	55.31115	0	10.67874	0
357.3228	60.02409	0	11.39161	0
357.3664	65.34155	0	12.18758	0
357.41	71.37176	0	13.08082	0
357.4536	78.2456	0	14.08839	0
357.4972	86.12107	0	15.23074	0
357.5408	95.18823	0	16.53236	0
357.5845	105.7006	0	18.02609	0
357.6281	117.8814	0	19.73971	0
357.6717	132.0731	0	21.71701	0
357.7153	148.6497	0	24.00523	0
357.7589	168.0445	0	26.65877	0
357.8025	190.752	0	29.73944	0
357.8461	217.3291	0	33.31641	0
357.8897	248.3921	0	37.46582	0
357.9225	275.1203	0	41.01413	0
357.9552	304.969	0	44.9567	0
357.9879	338.3222	0	49.34092	0
358.0206	375.4901	0	54.2041	0
358.0533	416.7805	0	59.58287	0
358.086	462.4902	0	65.51221	0
358.1514	568.2487	0	79.14717	0
358.2169	694.7739	0	95.33596	0
358.2823	842.6376	0	114.1187	0
358.3477	1011.745	0	135.4494	0
358.4131	1200.238	0	159.0584	0
358.573	1715.098	0	222.7019	0
358.653	1976.66	0	254.507	0
358.7329	2218.005	0	283.4107	0
358.7997	2391.09	0	303.7211	0
358.8665	2527.265	0	319.2127	0
358.9333	2618.233	0	328.9033	0
359	2658.351	0	332.1579	0
359.0665	2645.587	0	328.8002	0
359.133	2581.332	0	319.0732	0
359.1995	2470.113	0	303.6108	0
359.266	2319.26	0	283.3859	0
359.3563	2067.868	0	250.4793	0
359.4465	1786.892	0	214.3463	0
359.5368	1500.588	0	178.0037	0
359.627	1230.008	0	144.0251	0
359.7001	1031.887	0	119.3661	0
359.7732	857.4201	0	97.81732	0
359.8463	708.1787	0	79.52652	0
359.8828	643.0067	0	71.5875	0
359.9193	583.8039	0	64.40534	0
359.9559	530.1462	0	57.9236	0
359.9924	481.9894	0	52.13205	0
360.0289	438.8079	0	46.96263	0
360.0654	400.2111	0	42.3641	0
360.102	365.7125	0	38.2743	0
360.1385	335.1065	0	34.66479	0
360.175	307.9125	0	31.47497	0
360.2115	283.7682	0	28.65877	0
360.276	247.5335	0	24.46609	0
360.3405	218.1111	0	21.09854	0
360.405	194.1014	0	18.38157	0
360.4694	174.3905	0	16.17693	0
360.5339	158.0077	0	14.36598	0
360.5983	144.292	0	12.86749	0
360.6628	132.6479	0	11.60983	0
360.7272	122.6873	0	10.54587	0
360.7917	114.0527	0	9.633328	0
360.8562	106.5095	0	8.844244	0
360.9207	99.86368	0	8.155795	0
360.9851	93.97255	0	7.55122	0
361.114	83.96509	0	6.537595	0
361.2429	75.79506	0	5.723955	0
361.3547	69.83909	0	5.139677	0
361.4664	64.71428	0	4.643624	0
361.5782	60.25556	0	4.217617	0
361.6899	56.35209	0	3.849356	0
361.8017	52.90442	0	3.528098	0
361.9134	49.8457	0	3.246523	0
362.1368	44.6625	0	2.777621	0
362.3603	40.44746	0	2.405011	0
362.5838	36.96256	0	2.103761	0
362.8073	34.03736	0	1.856302	0
363.0307	31.55078	0	1.650301	0
363.237	29.56629	0	1.489086	0
363.4433	27.82763	0	1.350419	0
363.6496	26.29425	0	1.230318	0
363.8558	24.93419	0	1.125673	0
364.0621	23.71979	0	1.033852	0
364.2684	22.63024	0	0.9528745	0
364.6809	20.75891	0	0.8171813	0
365.0935	19.21233	0	0.708633	0
365.506	17.91811	0	0.6206354	0
365.9186	16.82187	0	0.5483738	0
366.3311	15.87859	0	0.4879817	0
366.7093	15.12127	0	0.4407677	0
367.0875	14.45108	0	0.4000277	0
367.4657	13.85496	0	0.3646838	0
367.8438	13.32184	0	0.3338368	0
368.222	12.84226	0	0.3067406	0
368.6002	12.40884	0	0.2828162	0
369.3565	11.65685	0	0.2426658	0
370.1129	11.02742	0	0.2104932	0
370.8692	10.49354	0	0.1843221	0
371.6256	10.03536	0	0.1627467	0
372.3819	9.640629	0	0.1448895	0
373.1383	9.295838	0	0.1298722	0
373.8947	8.988441	0	0.1169096	0
374.6511	8.715153	0	0.1057779	0
375.4074	8.471564	0	0.096192	0
376.1638	8.252465	0	0.0878444	0
376.9201	8.054251	0	0.08052566	0
377.6765	7.874626	0	0.07409863	0
378.4328	7.710924	0	0.06841387	0
379.9456	7.423064	0	0.05883184	0
381.4583	7.178722	0	0.05113857	0
382.971	6.968664	0	0.04486541	0
384.4837	6.786025	0	0.03967784	0
385.9277	6.63437	0	0.03558347	0
387.3716	6.498504	0	0.0320655	0
388.8156	6.37719	0	0.02905432	0
390.2595	6.266121	0	0.026392	0
391.7035	6.167135	0	0.02412695	0
393.1474	6.077148	0	0.02214418	0
394.5914	5.99383	0	0.02036661	0
396.0353	5.91853	0	0.01882737	0
398.9232	5.784161	0	0.01620963	0
401.8111	5.669486	0	0.01412653	0
404.699	5.569478	0	0.01241955	0
407.5869	5.481554	0	0.01100677	0
410.3373	5.407562	0	0.009887043	0
413.0877	5.342151	0	0.008955547	0
415.8381	5.281598	0	0.008127398	0
418.5885	5.227799	0	0.007435408	0
421.3389	5.177184	0	0.006805916	0
424.0893	5.131901	0	0.006277397	0
429.5901	5.050425	0	0.005382714	0
435.0909	4.980917	0	0.00469149	0
440.5917	4.91998	0	0.004136661	0
446.0925	4.865784	0	0.003683335	0
451.5932	4.81724	0	0.003310957	0
457.6441	4.77001	0	0.002984991	0
463.6949	4.726559	0	0.002708379	0
469.7458	4.687445	0	0.002485846	0
475.7966	4.650762	0	0.002292906	0
481.8475	4.616659	0	0.00213084	0
487.8983	4.585349	0	0.002001462	0
500	4.52685	0	0.001791011	0
512.6834	4.471526	0	0.001643019	0
525.3667	4.419579	0	0.001541051	0
538.0501	4.370192	0	0.001486698	0
550.7334	4.321624	0	0.001456425	0
564.4737	4.269024	0	0.001467377	0
578.214	4.214923	0	0.001513479	0
585.0842	4.187534	0	0.001543228	0
591.9543	4.158885	0	0.001589802	0
605.6946	4.098142	0	0.001718931	0
619.4349	4.031709	0	0.001901943	0
626.3051	3.995544	0	0.002020152	0
633.1752	3.9566	0	0.002163445	0
640.0454	3.914819	0	0.002332825	0
646.9155	3.869778	0	0.002533008	0
653.7857	3.820963	0	0.002769975	0
660.6558	3.767577	0	0.003053228	0
666.9975	3.712197	0	0.003380467	0
673.3392	3.652492	0	0.003757368	0
679.6809	3.584739	0	0.004231926	0
686.0225	3.509091	0	0.00481035	0
692.3642	3.422402	0	0.005546812	0
698.7058	3.323703	0	0.006471988	0
701.8767	3.268003	0	0.007043019	0
705.0475	3.20775	0	0.007699018	0
708.2183	3.142872	0	0.008446011	0
711.3891	3.072407	0	0.009308485	0
714.8242	2.987581	0	0.01043356	0
718.2593	2.893228	0	0.0117946	0
721.6944	2.790244	0	0.01338581	0
725.1294	2.672921	0	0.01539805	0
728.5645	2.540607	0	0.01790885	0
730.2821	2.467776	0	0.01940966	0
731.9996	2.389817	0	0.02111788	0
733.7172	2.306304	0	0.02306942	0
735.4347	2.216825	0	0.02530503	0
737.1522	2.120765	0	0.02788178	0
738.8697	2.017271	0	0.03088302	0
740.7194	1.896508	0	0.03471335	0
742.569	1.765167	0	0.03932425	0
744.4187	1.622286	0	0.04493406	0
746.2683	1.468148	0	0.05169844	0
748.118	1.299586	0	0.06030573	0
749.0428	1.210213	0	0.06544916	0
749.9676	1.11753	0	0.0712871	0
750.8925	1.021723	0	0.07795143	0
751.8173	0.9231845	0	0.08560449	0
752.7421	0.8225279	0	0.09445358	0
753.6669	0.7207481	0	0.1047624	0
755.0212	0.5730813	0	0.1232283	0
755.6983	0.5020217	0	0.1343561	0
756.3754	0.4345853	0	0.1470195	0
757.0526	0.3726364	0	0.1614697	0
757.3912	0.3447249	0	0.1695267	0
757.7297	0.3194942	0	0.1782281	0
758.0683	0.297456	0	0.1876413	0
758.4068	0.2792577	0	0.1978341	0
758.5761	0.2718255	0	0.2032524	0
758.7454	0.2656463	0	0.2089	0
758.9147	0.2608356	0	0.2147899	0
759.0839	0.2575206	0	0.2209322	0
759.1665	0.2564852	0	0.2240281	0
759.2491	0.2558548	0	0.2271902	0
759.3317	0.2556472	0	0.2304205	0
759.4142	0.2558804	0	0.2337168	0
759.4968	0.256574	0	0.2370892	0
759.5793	0.2577467	0	0.2405316	0
759.6619	0.2594221	0	0.2440545	0
759.7444	0.2616183	0	0.2476517	0
759.794	0.2631996	0	0.2498531	0
759.8435	0.2649794	0	0.2520798	0
759.8931	0.2669701	0	0.2543411	0
759.9426	0.2691691	0	0.2566286	0
760.0086	0.2724407	0	0.2597273	0
760.0335	0.2737783	0	0.2609111	0
760.0789	0.2763663	0	0.2630905	0
760.1347	0.279817	0	0.2658071	0
760.1904	0.2835666	0	0.2685613	0
760.2606	0.2887403	0	0.2720944	0
760.3308	0.2944313	0	0.2756982	0
760.401	0.300659	0	0.2793745	0
760.4711	0.3074336	0	0.28312	0
760.5537	0.3161575	0	0.2876316	0
760.6363	0.3257175	0	0.2922526	0
760.7189	0.336151	0	0.2969867	0
760.8014	0.347483	0	0.3018315	0
760.884	0.359782	0	0.3068028	0
760.9666	0.373078	0	0.3118986	0
761.0492	0.3874162	0	0.3171232	0
761.1317	0.4028247	0	0.3224744	0
761.2184	0.4202433	0	0.3282462	0
761.3051	0.4389777	0	0.3341753	0
761.3918	0.4590916	0	0.3402673	0
761.4785	0.4806522	0	0.3465283	0
761.6519	0.5284011	0	0.3595831	0
761.8253	0.5828407	0	0.373394	0
761.9987	0.6446592	0	0.3880212	0
762.1721	0.7146274	0	0.4035311	0
762.3455	0.7936097	0	0.4199976	0
762.5189	0.882577	0	0.4375022	0
762.6428	0.9528624	0	0.4506957	0
762.7667	1.029238	0	0.4645015	0
762.8906	1.11218	0	0.4789585	0
763.0144	1.20213	0	0.4940958	0
763.2621	1.405614	0	0.5266419	0
763.5098	1.644784	0	0.562542	0
763.7576	1.925839	0	0.6022846	0
764.0053	2.255898	0	0.6463985	0
764.253	2.644018	0	0.6955731	0
764.5007	3.101164	0	0.7506213	0
764.6411	3.395928	0	0.7847971	0
764.7815	3.720015	0	0.8213798	0
764.9219	4.076673	0	0.8606016	0
765.0622	4.469281	0	0.902692	0
765.2026	4.902576	0	0.9480042	0
765.343	5.381062	0	0.9968416	0
765.4834	5.910215	0	1.049582	0
765.6237	6.495918	0	1.106617	0
765.7641	7.146335	0	1.168525	0
765.9045	7.869605	0	1.235843	0
766.0449	8.6757	0	1.309235	0
766.1852	9.575629	0	1.389418	0
766.3256	10.5844	0	1.477406	0
766.466	11.71763	0	1.574202	0
766.6064	12.99454	0	1.681047	0
766.7467	14.43701	0	1.799321	0
766.9284	16.59809	0	1.972482	0
767.1101	19.16002	0	2.172602	0
767.2918	22.22043	0	2.405739	0
767.4734	25.90627	0	2.679648	0
767.6551	30.39561	0	3.005177	0
767.8367	35.92286	0	3.396288	0
767.9276	39.18066	0	3.622697	0
768.0184	42.83185	0	3.87336	0
768.1092	46.94598	0	4.152356	0
768.2	51.60372	0	4.464342	0
768.2785	56.14427	0	4.764984	0
768.3569	61.23554	0	5.098468	0
768.4354	66.9839	0	5.47092	0
768.5138	73.48716	0	5.887702	0
768.5923	80.89794	0	6.357456	0
768.6707	89.36131	0	6.88806	0
768.7492	99.09666	0	7.491737	0
768.8276	110.3161	0	8.179877	0
768.9061	123.3312	0	8.969557	0
768.9845	138.4426	0	9.876714	0
769.063	156.08	0	10.92451	0
769.1414	176.6485	0	12.13409	0
769.2199	200.7118	0	13.53532	0
769.2983	228.7756	0	15.15403	0
769.3767	261.4817	0	17.02333	0
769.4551	299.4744	0	19.17574	0
769.546	350.9985	0	22.06814	0
769.6368	411.3905	0	25.42658	0
769.7276	481.5149	0	29.29097	0
769.8184	561.9274	0	33.68324	0
769.9093	652.9063	0	38.60938	0
770.0001	753.9103	0	44.03054	0
770.1817	981.6732	0	56.08724	0
770.3599	1224.099	0	68.66333	0
770.5381	1459.066	0	80.53907	0
770.7163	1654.153	0	89.99653	0
770.8054	1726.716	0	93.30427	0
770.8945	1778.238	0	95.44902	0
771	1809.052	0	96.34922	0
771.0808	1809.476	0	95.7997	0
771.1616	1789.891	0	94.19601	0
771.3232	1695.124	0	88.11495	0
771.4848	1540.037	0	79.00804	0
771.6463	1347.009	0	68.11812	0
771.8137	1132.2	0	56.30519	0
771.9811	924.8491	0	45.12396	0
772.0648	829.1531	0	40.02979	0
772.1485	740.5196	0	35.3492	0
772.2322	659.6478	0	31.1117	0
772.3159	586.8173	0	27.32496	0
772.3927	527.0142	0	24.23864	0
772.4694	473.7461	0	21.50926	0
772.5462	426.4901	0	19.10556	0
772.6229	384.8971	0	17.00561	0
772.6997	348.337	0	15.17376	0
772.7764	316.3682	0	13.58437	0
772.8531	288.4132	0	12.2055	0
772.9298	263.9723	0	11.00965	0
773.0066	242.5583	0	9.970436	0
773.0833	223.8107	0	9.068081	0
773.1601	207.3107	0	8.280449	0
773.2368	192.7791	0	7.592473	0
773.3136	179.8991	0	6.98766	0
773.3903	168.4661	0	6.455118	0
773.5437	149.11	0	5.563946	0
773.6902	134.063	0	4.881467	0
773.8367	121.5666	0	4.322536	0
773.9832	111.0464	0	3.858237	0
774.1297	102.0823	0	3.467645	0
774.2762	94.36289	0	3.135402	0
774.4227	87.65373	0	2.850052	0
774.5692	81.77533	0	2.602902	0
774.7156	76.5915	0	2.387387	0
774.8621	71.98514	0	2.197969	0
775.0086	67.87186	0	2.030636	0
775.3016	60.85201	0	1.74944	0
775.5946	55.09994	0	1.523696	0
775.8875	50.31762	0	1.339703	0
776.1666	46.46368	0	1.194211	0
776.4456	43.15596	0	1.071564	0
776.7246	40.28751	0	0.9670472	0
777.0036	37.77773	0	0.8771377	0
777.2827	35.56451	0	0.7991531	0
777.5617	33.60214	0	0.7311215	0
777.8407	31.85227	0	0.6714199	0
778.1197	30.28419	0	0.6187593	0
778.6778	27.5954	0	0.5304984	0
779.2358	25.37966	0	0.4599282	0
779.7939	23.52582	0	0.4025847	0
780.3519	21.95537	0	0.3553642	0
780.8542	20.73551	0	0.3196352	0
781.3564	19.66672	0	0.2890801	0
781.8587	18.72498	0	0.2627946	0
782.3609	17.88995	0	0.2400284	0
782.8632	17.14123	0	0.2200596	0
783.3654	16.4653	0	0.2024057	0
784.3699	15.29828	0	0.1728528	0
785.3744	14.33009	0	0.1493261	0
786.3789	13.51523	0	0.1302957	0
787.3834	12.82074	0	0.1146837	0
788.3878	12.2224	0	0.1017186	0
789.3365	11.72896	0	0.09138974	0
790.2852	11.29308	0	0.08255684	0
791.2339	10.90543	0	0.07494444	0
792.1826	10.55903	0	0.06834815	0
793.1313	10.25065	0	0.06266222	0
794.08	9.970261	0	0.05763293	0
795.9773	9.478566	0	0.04913912	0
797.8747	9.066528	0	0.04239144	0
799.7721	8.716518	0	0.03694358	0
801.6695	8.415651	0	0.03248217	0
803.5668	8.154359	0	0.02878295	0
805.3526	7.938032	0	0.02584969	0
807.1384	7.745584	0	0.0233428	0
808.9242	7.573291	0	0.02118355	0
810.7099	7.418169	0	0.01931066	0
812.4957	7.277768	0	0.01767553	0
814.2814	7.150747	0	0.01624916	0
817.8529	6.927778	0	0.01386375	0
821.4244	6.738397	0	0.01195983	0
824.9959	6.576062	0	0.01042342	0
828.5674	6.43535	0	0.009165779	0
832.1389	6.312197	0	0.008123398	0
835.4872	6.209955	0	0.007300751	0
838.8355	6.118429	0	0.006598001	0
842.1838	6.035985	0	0.005992739	0
845.5321	5.961305	0	0.005467585	0
848.8804	5.893318	0	0.005008916	0
852.2287	5.831144	0	0.004605933	0
855.577	5.774056	0	0.004249984	0
858.9252	5.722505	0	0.003943032	0
865.6218	5.628299	0	0.003405154	0
872.3184	5.546895	0	0.002971785	0
879.015	5.475835	0	0.002617826	0
885.7115	5.413262	0	0.002325305	0
891.9617	5.361332	0	0.002096622	0
898.2119	5.314514	0	0.001901162	0
904.4621	5.271932	0	0.001732029	0
910.7122	5.233015	0	0.001584755	0
916.9624	5.197298	0	0.00145582	0
923.2125	5.164393	0	0.001342368	0
935.7128	5.105827	0	0.001153425	0
941.963	5.079752	0	0.001074906	0
948.2131	5.05617	0	0.001008014	0
960.7134	5.011594	0	8.86E-04	0
973.2137	4.972123	0	7.86E-04	0
985.714	4.93694	0	7.03E-04	0
1000	4.901167	0	6.26E-04	0
1013.684	4.87082	0	5.66E-04	0
1027.367	4.842948	0	5.14E-04	0
1041.05	4.817235	0	4.70E-04	0
1054.733	4.793488	0	4.32E-04	0
1082.1	4.751795	0	3.72E-04	0
1109.466	4.714827	0	3.27E-04	0
1136.833	4.682188	0	2.93E-04	0
1164.199	4.652227	0	2.67E-04	0
1191.566	4.624847	0	2.49E-04	0
1218.932	4.598594	0	2.35E-04	0
1246.299	4.573686	0	2.27E-04	0
1273.665	4.549087	0	2.23E-04	0
1294.19	4.530701	0	2.24E-04	0
1314.715	4.512013	0	2.28E-04	0
1335.24	4.49272	0	2.36E-04	0
1355.765	4.47245	0	2.49E-04	0
1366.028	4.461925	0	2.58E-04	0
1376.29	4.450719	0	2.69E-04	0
1386.553	4.439152	0	2.82E-04	0
1396.815	4.426868	0	2.98E-04	0
1407.078	4.413992	0	3.17E-04	0
1417.34	4.400053	0	3.40E-04	0
1427.602	4.384992	0	3.69E-04	0
1437.864	4.368522	0	4.04E-04	0
1446.987	4.352414	0	4.43E-04	0
1456.109	4.334629	0	4.91E-04	0
1465.231	4.314771	0	5.50E-04	0
1474.353	4.292312	0	6.25E-04	0
1483.475	4.266582	0	7.21E-04	0
1488.036	4.252202	0	7.80E-04	0
1492.597	4.236562	0	8.48E-04	0
1497.158	4.219504	0	9.27E-04	0
1501.719	4.200794	0	0.001019239	0
1506.28	4.180146	0	0.001128503	0
1510.841	4.157204	0	0.001258826	0
1515.118	4.133205	0	0.001405304	0
1519.394	4.106316	0	0.001581957	0
1523.67	4.075928	0	0.00179774	0
1527.946	4.041276	0	0.002064948	0
1530.084	4.022436	0	0.002217903	0
1532.222	4.00182	0	0.00239465	0
1534.36	3.979545	0	0.002594872	0
1536.498	3.955411	0	0.002822685	0
1538.636	3.929165	0	0.003083429	0
1540.774	3.900507	0	0.00338379	0
1542.912	3.869076	0	0.003732265	0
1545.05	3.834436	0	0.004139744	0
1547.331	3.79334	0	0.004655605	0
1549.611	3.747207	0	0.005277413	0
1551.892	3.694984	0	0.006037124	0
1554.172	3.635414	0	0.006977972	0
1556.453	3.56711	0	0.008152548	0
1557.593	3.529049	0	0.008853576	0
1558.733	3.487602	0	0.009659335	0
1559.874	3.442514	0	0.01058435	0
1561.014	3.393414	0	0.01165024	0
1562.154	3.339691	0	0.01288829	0
1563.294	3.280664	0	0.0143378	0
1564.506	3.211165	0	0.01616846	0
1565.717	3.133596	0	0.01837663	0
1566.929	3.046332	0	0.02107891	0
1568.14	2.947646	0	0.02442879	0
1569.352	2.835165	0	0.02864655	0
1569.958	2.773005	0	0.03116743	0
1570.563	2.706361	0	0.03403358	0
1571.169	2.634347	0	0.03733569	0
1571.775	2.556447	0	0.04116052	0
1572.381	2.472047	0	0.04561716	0
1572.986	2.380583	0	0.0508395	0
1573.628	2.274705	0	0.05743894	0
1574.269	2.158808	0	0.06541574	0
1574.911	2.031271	0	0.07521741	0
1575.552	1.89119	0	0.08740411	0
1575.873	1.815873	0	0.09465945	0
1576.194	1.736935	0	0.1028628	0
1576.515	1.654288	0	0.1121906	0
1576.835	1.568175	0	0.122831	0
1577.156	1.478124	0	0.1351362	0
1577.476	1.384921	0	0.1493939	0
1577.797	1.288483	0	0.1661652	0
1578.117	1.190328	0	0.1859596	0
1578.403	1.102174	0	0.2069116	0
1578.688	1.015809	0	0.2316557	0
1578.973	0.9338274	0	0.2613139	0
1579.258	0.8609198	0	0.2973636	0
1579.543	0.8049058	0	0.3419561	0
1579.686	0.7871081	0	0.3685188	0
1579.828	0.7795042	0	0.3983905	0
1579.971	0.7856841	0	0.4327503	0
1580.042	0.7954731	0	0.451707	0
1580.113	0.8108149	0	0.4721239	0
1580.185	0.8331096	0	0.4945085	0
1580.256	0.8630202	0	0.5184592	0
1580.327	0.902361	0	0.5445343	0
1580.398	0.9530381	0	0.573043	0
1580.448	0.9967755	0	0.5947775	0
1580.497	1.047146	0	0.6175703	0
1580.546	1.106011	0	0.6420032	0
1580.595	1.174591	0	0.6682595	0
1580.644	1.254291	0	0.6965472	0
1580.693	1.346727	0	0.7271027	0
1580.742	1.453757	0	0.7601942	0
1580.791	1.577517	0	0.796126	0
1580.836	1.707999	0	0.8319212	0
1580.88	1.853281	0	0.8698062	0
1580.915	1.982856	0	0.9021882	0
1580.92	2.00246	0	0.9069878	0
1580.934	2.058882	0	0.9206675	0
1580.947	2.113351	0	0.9336962	0
1580.976	2.242446	0	0.9639435	0
1581.004	2.37769	0	0.994787	0
1581.04	2.568223	0	1.036991	0
1581.076	2.779254	0	1.082298	0
1581.112	3.012858	0	1.130985	0
1581.147	3.263764	0	1.181844	0
1581.187	3.582169	0	1.24461	0
1581.227	3.937879	0	1.31279	0
1581.267	4.334922	0	1.386907	0
1581.307	4.777693	0	1.467529	0
1581.347	5.270975	0	1.55527	0
1581.387	5.819954	0	1.650794	0
1581.427	6.430243	0	1.754812	0
1581.467	7.107894	0	1.868088	0
1581.521	8.141168	0	2.037151	0
1581.574	9.303025	0	2.223034	0
1581.628	10.65592	0	2.43505	0
1581.681	12.16937	0	2.667758	0
1581.735	13.92212	0	2.932571	0
1581.788	15.87175	0	3.222394	0
1581.842	18.11619	0	3.551078	0
1581.895	20.59723	0	3.9094	0
1581.944	23.15836	0	4.274764	0
1581.993	25.99753	0	4.675333	0
1582.042	29.13565	0	5.113501	0
1582.091	32.59367	0	5.591634	0
1582.14	36.39236	0	6.112041	0
1582.189	40.55193	0	6.676927	0
1582.287	50.03	0	7.9482	0
1582.385	61.16577	0	9.419396	0
1582.483	74.0644	0	11.09983	0
1582.581	88.78439	0	12.99254	0
1582.678	105.1457	0	15.07017	0
1582.794	126.9439	0	17.80156	0
1582.91	150.9031	0	20.7607	0
1583.142	203.2857	0	27.08375	0
1583.338	248.5315	0	32.37108	0
1583.533	289.6411	0	36.98273	0
1583.649	310.2578	0	39.18089	0
1583.765	326.8565	0	40.83987	0
1583.883	338.832	0	41.889	0
1584	345.2639	0	42.23924	0
1584.023	345.8622	0	42.22504	0
1584.102	346.2285	0	41.96859	0
1584.18	344.0408	0	41.40541	0
1584.337	332.3025	0	39.39829	0
1584.506	310.0141	0	36.12321	0
1584.675	280.1084	0	32.01524	0
1585.013	209.2827	0	22.8049	0
1585.182	173.9919	0	18.38551	0
1585.351	141.659	0	14.42096	0
1585.497	117.086	0	11.46463	0
1585.57	106.1096	0	10.1618	0
1585.643	96.03013	0	8.976308	0
1585.716	86.8411	0	7.905703	0
1585.789	78.52041	0	6.945745	0
1585.862	71.03324	0	6.090794	0
1585.935	64.33495	0	5.33418	0
1586.008	58.37385	0	4.668532	0
1586.081	53.09369	0	4.086093	0
1586.154	48.43586	0	3.578973	0
1586.227	44.34127	0	3.13937	0
1586.3	40.75193	0	2.759748	0
1586.373	37.61208	0	2.432967	0
1586.446	34.86916	0	2.152374	0
1586.518	32.50504	0	1.914918	0
1586.591	30.40991	0	1.708542	0
1586.664	28.57852	0	1.531862	0
1586.737	26.97483	0	1.380509	0
1586.81	25.56699	0	1.250661	0
1586.883	24.32712	0	1.139005	0
1586.956	23.23101	0	1.042694	0
1587.029	22.25779	0	0.9593001	0
1587.102	21.3896	0	0.8867665	0
1587.248	19.90981	0	0.7676385	0
1587.394	18.69598	0	0.6746005	0
1587.54	17.68022	0	0.6002445	0
1587.685	16.82011	0	0.5398679	0
1587.831	16.07004	0	0.4891692	0
1587.977	15.41212	0	0.4461924	0
1588.123	14.82873	0	0.4092436	0
1588.269	14.3068	0	0.3771087	0
1588.561	13.4098	0	0.3239332	0
1588.852	12.66712	0	0.2819214	0
1589.113	12.09943	0	0.2510964	0
1589.374	11.60559	0	0.2252356	0
1589.635	11.17196	0	0.2032963	0
1589.896	10.78809	0	0.1845028	0
1590.157	10.44579	0	0.1682649	0
1590.418	10.13858	0	0.1541258	0
1590.679	9.861241	0	0.1417276	0
1590.94	9.609554	0	0.1307873	0
1591.462	9.170033	0	0.1124225	0
1591.984	8.799148	0	0.09769727	0
1592.506	8.482176	0	0.08570828	0
1593.027	8.208772	0	0.07583364	0
1593.519	7.982641	0	0.06800898	0
1594.01	7.782648	0	0.0613584	0
1594.502	7.603877	0	0.05563621	0
1594.993	7.443839	0	0.0506989	0
1595.485	7.299291	0	0.0463958	0
1595.976	7.168608	0	0.0426374	0
1596.958	6.940333	0	0.03637829	0
1597.941	6.746908	0	0.03138496	0
1598.923	6.581572	0	0.02735556	0
1599.906	6.438535	0	0.02405638	0
1600.888	6.313828	0	0.02132649	0
1601.81	6.210366	0	0.0191684	0
1602.731	6.118037	0	0.01732648	0
1603.652	6.03505	0	0.01574012	0
1604.573	5.960055	0	0.01436413	0
1605.495	5.89188	0	0.01316168	0
1606.416	5.829795	0	0.0121077	0
1608.258	5.72136	0	0.01036684	0
1610.101	5.628489	0	0.00897153	0
1611.943	5.548294	0	0.00784043	0
1613.785	5.478511	0	0.006914901	0
1615.627	5.417226	0	0.006148188	0
1617.347	5.366368	0	0.00554538	0
1619.067	5.320686	0	0.005030294	0
1620.787	5.27942	0	0.004586834	0
1622.506	5.24197	0	0.004202664	0
1624.226	5.207787	0	0.003867481	0
1625.945	5.176492	0	0.003573821	0
1629.384	5.121145	0	0.003086277	0
1632.824	5.074307	0	0.002709278	0
1636.263	5.032972	0	0.002399798	0
1639.702	4.996798	0	0.002150942	0
1643.141	4.964893	0	0.001950181	0
1646.089	4.940453	0	0.001809922	0
1649.037	4.918172	0	0.001693046	0
1651.985	4.897674	0	0.001595617	0
1654.933	4.878871	0	0.001517035	0
1657.881	4.86164	0	0.00145693	0
1660.829	4.845682	0	0.001413324	0
1663.777	4.830797	0	0.001385286	0
1666.724	4.816959	0	0.001374588	0
1669.427	4.805159	0	0.001383402	0
1672.129	4.79403	0	0.001410811	0
1674.831	4.78347	0	0.00145666	0
1677.533	4.77358	0	0.001533308	0
1680.236	4.764271	0	0.001648039	0
1682.938	4.755505	0	0.001814236	0
1684.289	4.75132	0	0.001923075	0
1685.64	4.747268	0	0.002054341	0
1686.991	4.743349	0	0.002212863	0
1688.342	4.73956	0	0.002402902	0
1689.632	4.736078	0	0.002624653	0
1690.922	4.732748	0	0.002899017	0
1692.212	4.729577	0	0.00323961	0
1693.501	4.726593	0	0.003667471	0
1694.791	4.723824	0	0.004214626	0
1695.436	4.722539	0	0.00454665	0
1696.081	4.721331	0	0.004927633	0
1696.726	4.720211	0	0.005367102	0
1697.371	4.719194	0	0.005876519	0
1698.016	4.718298	0	0.006471108	0
1698.66	4.717551	0	0.007171874	0
1699.336	4.716967	0	0.008055348	0
1700.011	4.716641	0	0.00913197	0
1700.687	4.716645	0	0.01046473	0
1701.362	4.717086	0	0.01213583	0
1701.7	4.717518	0	0.01313808	0
1702.038	4.718124	0	0.01427783	0
1702.376	4.718936	0	0.01558148	0
1702.713	4.719993	0	0.01707731	0
1703.051	4.721353	0	0.01881611	0
1703.388	4.723074	0	0.02084185	0
1703.726	4.725257	0	0.02323874	0
1704.063	4.728009	0	0.02608975	0
1704.401	4.731514	0	0.02954575	0
1704.739	4.735998	0	0.03378747	0
1705.077	4.741802	0	0.03908861	0
1705.246	4.745357	0	0.04226313	0
1705.415	4.749463	0	0.04588069	0
1705.584	4.754256	0	0.05004865	0
1705.753	4.759928	0	0.05492321	0
1705.922	4.766788	0	0.0607501	0
1706.091	4.775348	0	0.06794067	0
1706.26	4.786507	0	0.07721466	0
1706.345	4.793568	0	0.08303952	0
1706.429	4.801873	0	0.08985896	0
1706.514	4.812026	0	0.09816097	0
1706.598	4.824322	0	0.1081764	0
1706.682	4.839565	0	0.1205518	0
1706.766	4.858668	0	0.1360175	0
1706.859	4.885764	0	0.1578995	0
1706.905	4.902077	0	0.1710533	0
1706.951	4.920718	0	0.1860702	0
1706.997	4.942039	0	0.2032314	0
1707.043	4.966437	0	0.2228555	0
1707.089	4.994362	0	0.2453022	0
1707.135	5.02632	0	0.2709766	0
1707.181	5.062878	0	0.3003325	0
1707.227	5.104671	0	0.3338769	0
1707.273	5.152403	0	0.3721736	0
1707.319	5.206854	0	0.4158473	0
1707.365	5.268885	0	0.4655867	0
1707.411	5.339442	0	0.5221481	0
1707.457	5.419559	0	0.5863582	0
1707.503	5.510358	0	0.6591159	0
1707.549	5.613056	0	0.7413946	0
1707.595	5.728964	0	0.8342421	0
1707.641	5.859483	0	0.9387808	0
1707.687	6.006108	0	1.056206	0
1707.733	6.170421	0	1.187782	0
1707.779	6.354085	0	1.33484	0
1707.825	6.558837	0	1.498771	0
1707.871	6.786482	0	1.681017	0
1707.917	7.038874	0	1.883062	0
1707.963	7.317908	0	2.106421	0
1708.009	7.625499	0	2.352627	0
1708.055	7.963562	0	2.623212	0
1708.147	8.738639	0	3.243542	0
1708.239	9.657568	0	3.978954	0
1708.339	10.83438	0	4.920689	0
1708.439	12.2088	0	6.02051	0
1708.539	13.78797	0	7.284111	0
1708.639	15.57174	0	8.711379	0
1708.739	17.55114	0	10.29512	0
1708.839	19.70699	0	12.01999	0
1709.038	24.39178	0	15.7681	0
1709.253	29.66646	0	19.98793	0
1709.467	34.51443	0	23.86616	0
1709.59	36.84473	0	25.73022	0
1709.713	38.68443	0	27.20174	0
1709.852	40.04479	0	28.2897	0
1709.936	40.4551	0	28.61773	0
1710	40.54938	0	28.69299	0
1710.055	40.47798	0	28.63572	0
1710.121	40.20759	0	28.41924	0
1710.219	39.44496	0	27.80889	0
1710.317	38.27718	0	26.87445	0
1710.414	36.76417	0	25.66386	0
1710.6	33.06849	0	22.70707	0
1710.786	28.70549	0	19.21659	0
1710.972	24.13616	0	15.56121	0
1711.158	19.7656	0	12.06501	0
1711.251	17.75234	0	10.45458	0
1711.344	15.88956	0	8.964554	0
1711.437	14.19372	0	7.608103	0
1711.529	12.68898	0	6.404546	0
1711.644	11.05214	0	5.095389	0
1711.702	10.32729	0	4.515671	0
1711.759	9.678191	0	3.996548	0
1711.817	9.079432	0	3.517706	0
1711.874	8.54869	0	3.093274	0
1711.932	8.063977	0	2.705668	0
1711.989	7.638507	0	2.365452	0
1712.047	7.253629	0	2.057713	0
1712.104	6.918929	0	1.79011	0
1712.162	6.6189	0	1.550247	0
1712.219	6.360285	0	1.343508	0
1712.277	6.130438	0	1.159785	0
1712.334	5.933952	0	1.002746	0
1712.392	5.760707	0	0.8642992	0
1712.449	5.61373	0	0.7468624	0
1712.516	5.466825	0	0.629505	0
1712.582	5.345762	0	0.5328152	0
1712.649	5.243344	0	0.4510411	0
1712.715	5.159563	0	0.3841712	0
1712.782	5.089134	0	0.3279817	0
1712.848	5.031817	0	0.2822768	0
1712.914	4.984465	0	0.2445418	0
1712.98	4.945374	0	0.2134123	0
1713.047	4.91265	0	0.1873774	0
1713.113	4.886039	0	0.1662274	0
1713.18	4.863681	0	0.1484807	0
1713.246	4.845391	0	0.1339837	0
1713.313	4.829895	0	0.1217232	0
1713.379	4.817081	0	0.1116043	0
1713.445	4.806234	0	0.1030571	0
1713.511	4.796978	0	0.0957818	0
1713.644	4.781991	0	0.08404973	0
1713.777	4.770491	0	0.07510214	0
1713.91	4.761326	0	0.06801902	0
1714.042	4.753822	0	0.06225891	0
1714.175	4.747405	0	0.05736819	0
1714.307	4.741882	0	0.05318756	0
1714.572	4.732627	0	0.04625441	0
1714.82	4.725565	0	0.04103775	0
1715.068	4.719624	0	0.03671208	0
1715.316	4.714545	0	0.03307131	0
1715.564	4.710147	0	0.02997011	0
1715.812	4.706297	0	0.02730364	0
1716.06	4.702896	0	0.0249923	0
1716.308	4.699865	0	0.02297436	0
1716.555	4.697155	0	0.02120783	0
1717.051	4.692455	0	0.01824548	0
1717.546	4.688523	0	0.0158861	0
1718.042	4.685148	0	0.01396494	0
1718.537	4.68221	0	0.01238406	0
1718.998	4.679778	0	0.01114826	0
1719.458	4.677586	0	0.01009685	0
1719.918	4.675585	0	0.009192918	0
1720.378	4.673743	0	0.008409958	0
1720.838	4.672032	0	0.007727142	0
1721.298	4.670432	0	0.007127962	0
1722.218	4.667501	0	0.006130436	0
1723.139	4.664849	0	0.005339349	0
1724.059	4.662414	0	0.004702927	0
1724.979	4.66014	0	0.004179283	0
1725.899	4.657994	0	0.003742297	0
1726.891	4.655797	0	0.003348657	0
1727.882	4.653704	0	0.003019128	0
1728.873	4.651694	0	0.002740127	0
1729.864	4.649754	0	0.002501713	0
1730.855	4.647875	0	0.002296283	0
1731.846	4.646049	0	0.002117944	0
1733.828	4.642532	0	0.001825197	0
1735.81	4.639172	0	0.001599065	0
1737.792	4.635927	0	0.001415789	0
1739.774	4.632789	0	0.001266622	0
1741.756	4.629744	0	0.001143773	0
1743.455	4.627202	0	0.001054857	0
1745.154	4.624716	0	9.78E-04	0
1748.552	4.619899	0	8.52E-04	0
1751.95	4.615267	0	7.54E-04	0
1755.348	4.610807	0	6.76E-04	0
1759.879	4.60509	0	5.94E-04	0
1764.41	4.599608	0	5.30E-04	0
1768.941	4.594345	0	4.78E-04	0
1773.471	4.589283	0	4.36E-04	0
1778.002	4.584402	0	4.01E-04	0
1782.532	4.579697	0	3.72E-04	0
1791.593	4.570737	0	3.25E-04	0
1800.654	4.562314	0	2.89E-04	0
1809.715	4.554364	0	2.61E-04	0
1818.776	4.546831	0	2.38E-04	0
1827.837	4.539667	0	2.19E-04	0
1838.598	4.531616	0	2.01E-04	0
1849.358	4.524001	0	1.87E-04	0
1860.118	4.516653	0	1.74E-04	0
1870.878	4.5096	0	1.63E-04	0
1892.398	4.496355	0	1.46E-04	0
1913.918	4.484048	0	1.33E-04	0
1935.439	4.472426	0	1.23E-04	0
1956.959	4.461362	0	1.15E-04	0
1978.479	4.450856	0	1.09E-04	0
1989.239	4.445684	0	1.06E-04	0
1994.619	4.443098	0	1.04E-04	0
1995.292	4.442775	0	1.04E-04	0
1995.628	4.442619	0	1.05E-04	0
1995.964	4.442483	0	1.06E-04	0
1996.133	4.44244	0	1.09E-04	0
1996.301	4.442442	0	1.15E-04	0
1996.385	4.442471	0	1.20E-04	0
1996.469	4.442529	0	1.27E-04	0
1996.553	4.442628	0	1.38E-04	0
1996.637	4.442782	0	1.52E-04	0
1996.721	4.443011	0	1.72E-04	0
1996.763	4.443161	0	1.84E-04	0
1996.805	4.443341	0	1.99E-04	0
1996.847	4.443553	0	2.16E-04	0
1996.889	4.443805	0	2.36E-04	0
1996.931	4.444101	0	2.59E-04	0
1996.973	4.444447	0	2.86E-04	0
1997.015	4.444852	0	3.17E-04	0
1997.057	4.445323	0	3.53E-04	0
1997.099	4.445869	0	3.95E-04	0
1997.141	4.446501	0	4.43E-04	0
1997.183	4.44723	0	4.98E-04	0
1997.225	4.448068	0	5.61E-04	0
1997.267	4.449031	0	6.33E-04	0
1997.309	4.450133	0	7.15E-04	0
1997.352	4.451424	0	8.12E-04	0
1997.394	4.452862	0	9.19E-04	0
1997.436	4.454497	0	0.001040407	0
1997.478	4.456352	0	0.001178093	0
1997.52	4.45845	0	0.001333708	0
1997.562	4.46082	0	0.001509229	0
1997.604	4.46349	0	0.001706798	0
1997.646	4.466491	0	0.001928731	0
1997.688	4.469858	0	0.002177525	0
1997.73	4.473628	0	0.002455861	0
1997.772	4.477838	0	0.002766612	0
1997.814	4.482532	0	0.003112847	0
1997.856	4.487754	0	0.00349783	0
1997.898	4.49355	0	0.003925025	0
1997.94	4.49997	0	0.004398094	0
1997.982	4.507068	0	0.004920896	0
1998.024	4.514898	0	0.005497481	0
1998.066	4.523518	0	0.006132085	0
1998.15	4.54337	0	0.007593179	0
1998.234	4.567132	0	0.009341423	0
1998.318	4.595341	0	0.01141626	0
1998.402	4.628554	0	0.0138587	0
1998.486	4.667341	0	0.01671052	0
1998.57	4.712267	0	0.0200133	0
1998.654	4.763882	0	0.02380729	0
1998.739	4.823443	0	0.02818494	0
1998.823	4.890012	0	0.03307729	0
1998.907	4.964631	0	0.03856094	0
1998.991	5.047595	0	0.04465746	0
1999.075	5.139087	0	0.05138032	0
1999.159	5.239164	0	0.0587337	0
1999.327	5.464587	0	0.07529629	0
1999.495	5.72135	0	0.09416064	0
1999.663	6.004448	0	0.114959	0
1999.999	6.61874	0	0.1600872	0
2000.001	6.622476	0	0.1603616	0
2000.49	7.495224	0	0.2244741	0
2000.734	7.861593	0	0.251387	0
2000.978	8.159776	0	0.2732908	0
2001.223	8.387202	0	0.2899967	0
2001.467	8.547814	0	0.3017945	0
2001.955	8.720037	0	0.3144448	0
2002.444	8.778489	0	0.3187378	0
2002.932	8.793342	0	0.3198282	0
2003.908	8.79602	0	0.3200237	0
2007.814	8.792807	0	0.3197829	0
2015.626	8.786265	0	0.3192925	0
2031.251	8.773179	0	0.3183117	0
2062.501	8.747009	0	0.3163501	0
2125.001	8.694667	0	0.3124269	0
2250.001	8.589983	0	0.3045805	0
2500	8.380712	0	0.288894	0
3000	8.076861	0	0.2648897	0
3500	7.844757	0	0.245492	0
4000	7.660887	0	0.2292708	0
4500	7.514765	0	0.2151825	0
5000	7.38681	0	0.2033143	0
6000	7.191484	0	0.182655	0
7000	7.04512	0	0.1667017	0
8000	6.931299	0	0.1532872	0
9000	6.843468	0	0.1419598	0
10000	6.76636	0	0.1325379	0
11250	6.694227	0	0.1224016	0
12500	6.630866	0	0.1139929	0
15000	6.540335	0	0.1003994	0
17000	6.488005	0	0.09197884	0
20000	6.431251	0	0.0820408	0
22500	6.399944	0	0.07555811	0
25000	6.372465	0	0.07019477	0
30000	6.339442	0	0.06205041	0
35000	6.321002	0	0.05616683	0
40000	6.311334	0	0.0517612	0
45000	6.30864	0	0.04846917	0
50000	6.306411	0	0.04570243	0
60000	6.311007	0	0.04179227	0
70000	6.319304	0	0.03944204	0
80000	6.328634	0	0.03754185	0
99999.9	6.344146	0	0.03497328	0
100000.1	6.344096	0	0.03497468	0
100049	6.342063	0	0.03502867	0
100097.8	6.342034	0	0.03502526	0
100195.5	6.341975	0	0.03501844	0
100390.8	6.341859	0	0.0350048	0
100781.4	6.341625	0	0.03497751	0
101562.6	6.341159	0	0.03492293	0
103125.1	6.340226	0	0.03481377	0
106250.1	6.338359	0	0.03459546	0
112500.1	6.334626	0	0.03415883	0
125000.1	6.32716	0	0.03328562	0
150000	6.315045	0	0.0319235	0
200000	6.312426	0	0.03074546	0
250000	6.319984	0	0.03041393	0
300000	6.33213	0	0.03047994	0
500000	6.386485	0	0.03271585	0
525000	6.389126	0	0.03320779	0
550000	6.391651	0	0.03368378	0
575000	6.394071	0	0.03414498	0
600000	6.396394	0	0.03459246	0
625000	6.398628	0	0.03502719	0
650000	6.400781	0	0.03545	0
675000	6.402857	0	0.03586168	0
700000	6.404862	0	0.03626295	0
725000	6.402055	0	0.03685495	0
750000	6.399352	0	0.0374361	0
775000	6.396749	0	0.03800692	0
800000	6.394237	0	0.03856793	0
825000	6.387866	0	0.03923644	0
850000	6.381701	0	0.03989609	0
875000	6.375733	0	0.04054723	0
900000	6.369949	0	0.04119023	0
925000	6.360151	0	0.04192482	0
950000	6.350644	0	0.04265243	0
975000	6.34141	0	0.04337328	0
1000000	6.332435	0	0.04408765	0
1060030	6.294666	0	0.04615521	0
1120060	6.259297	0	0.04819792	0
1240120	6.194743	0	0.05221007	0
1240130	6.194737	0	0.05220735	0
1240135	6.194734	0	0.05220568	0
1240140	6.19473	0	0.05220382	0
1240150	6.194724	0	0.05219968	0
1240159	6.194717	0	0.05219561	0
1240179	6.194703	0	0.05218604	0
1240198	6.19469	0	0.05217677	0
1240275	6.194636	0	0.05213913	0
1240429	6.194527	0	0.05206386	0
1240738	6.194309	0	0.05191281	0
1241355	6.193875	0	0.05161121	0
1242590	6.193004	0	0.05100752	0
1245060	6.191264	0	0.04980015	0
1250000	6.18778	0	0.04738954	0
1265625	6.172276	0	0.04671853	0
1281250	6.156769	0	0.04605169	0
1312500	6.127592	0	0.04478631	0
1375000	6.074261	0	0.04244101	0
1437500	6.026906	0	0.04031482	0
1500000	5.984781	0	0.0383794	0
1750000	5.744558	0	0.04056597	0
1781250	5.711869	0	0.04103613	0
1796875	5.69402	0	0.04127308	0
1812500	5.676567	0	0.04150911	0
1875000	5.609442	0	0.04244688	0
1937500	5.546608	0	0.04337412	0
2000000	5.487693	0	0.04429137	0
2030290	5.455874	0	0.04490807	0
2060580	5.424935	0	0.0455241	0
2074090	5.410959	0	0.0448259	0
2074095	5.410952	0	0.04482588	0
2102308	5.378666	0	0.0447187	0
2130520	5.34751	0	0.04461321	0
2158735	5.317431	0	0.04450934	0
2186950	5.28839	0	0.04440705	0
2215165	5.260343	0	0.0443063	0
2243380	5.233249	0	0.04420706	0
2271595	5.207072	0	0.04410927	0
2299810	5.181775	0	0.0440129	0
2329760	5.152214	0	0.0401144	0
2329763	5.152207	0	0.04011403	0
2340960	5.141224	0	0.0387517	0
2346400	5.135899	0	0.0378485	0
2346404	5.13589	0	0.03784831	0
2387250	5.084962	0	0.0359253	0
2428100	5.036827	0	0.03413001	0
2468950	4.991322	0	0.03245218	0
2509800	4.948292	0	0.03088237	0
2550650	4.907592	0	0.02941203	0
2591500	4.86909	0	0.02803342	0
2632350	4.83266	0	0.02673949	0
2673200	4.798186	0	0.02552386	0
2714050	4.765562	0	0.02438068	0
2754900	4.734686	0	0.02330466	0
2795750	4.705465	0	0.02229093	0
2836600	4.67781	0	0.02133506	0
2877450	4.65164	0	0.02043298	0
2918300	4.626878	0	0.01958096	0
2959150	4.603451	0	0.01877558	0
3000000	4.581291	0	0.0180137	0
3028151	4.562642	0	0.01764357	0
3056302	4.544487	0	0.01728436	0
3084453	4.526812	0	0.01693566	0
3112603	4.509602	0	0.01659708	0
3140754	4.492843	0	0.01626821	0
3168904	4.47652	0	0.01594872	0
3197055	4.460621	0	0.01563824	0
3225205	4.445133	0	0.01533645	0
3253356	4.430045	0	0.01504303	0
3281507	4.415344	0	0.01475768	0
3309658	4.401018	0	0.0144801	0
3337808	4.38706	0	0.01421004	0
3365959	4.373454	0	0.01394722	0
3394109	4.360194	0	0.01369139	0
3422260	4.347269	0	0.01344231	0
3450410	4.334669	0	0.01319974	0
3484760	4.315439	0	0.01291226	0
3519109	4.296806	0	0.01263378	0
3553459	4.278748	0	0.01236391	0
3587808	4.261248	0	0.01210233	0
3622158	4.244286	0	0.01184869	0
3656507	4.227844	0	0.0116027	0
3690856	4.211903	0	0.01136404	0
3725205	4.196448	0	0.01113243	0
3759555	4.181462	0	0.01090759	0
3793904	4.166931	0	0.01068929	0
3828254	4.15284	0	0.01047726	0
3862603	4.139174	0	0.01027128	0
3896953	4.125919	0	0.01007111	0
3931302	4.113065	0	0.009876558	0
3965651	4.100595	0	0.009687405	0
4000000	4.088501	0	0.00950346	0
4045300	4.077932	0	0.009161551	0
4090600	4.067583	0	0.008835547	0
4119019	4.060715	0	0.008638741	0
4147438	4.053936	0	0.008447627	0
4175857	4.047245	0	0.008262003	0
4204275	4.04064	0	0.008081681	0
4232694	4.03412	0	0.007906465	0
4261113	4.02768	0	0.007736182	0
4289532	4.021322	0	0.007570662	0
4317950	4.015044	0	0.007409747	0
4346369	4.008844	0	0.007253269	0
4374788	4.002721	0	0.007101083	0
4403207	3.996671	0	0.006953045	0
4431625	3.990695	0	0.006809021	0
4460044	3.984793	0	0.006668869	0
4488463	3.978961	0	0.006532463	0
4516882	3.973199	0	0.006399682	0
4545300	3.967504	0	0.006270413	0
4573719	3.961877	0	0.006144531	0
4602138	3.956316	0	0.006021933	0
4630557	3.95082	0	0.005902513	0
4658975	3.945388	0	0.005786175	0
4687394	3.940019	0	0.005672813	0
4715813	3.934711	0	0.005562336	0
4744232	3.929462	0	0.005454656	0
4772650	3.924275	0	0.005349689	0
4801069	3.919144	0	0.005247344	0
4829488	3.914073	0	0.005147542	0
4857907	3.909056	0	0.005050208	0
4886325	3.904097	0	0.00495527	0
4914744	3.899191	0	0.004862649	0
4943163	3.894339	0	0.004772278	0
4971582	3.88954	0	0.00468409	0
5000000	3.884793	0	0.004598024	0
5015625	3.884436	0	0.004534066	0
5031250	3.884081	0	0.004471192	0
5046875	3.883729	0	0.004409381	0
5062500	3.883379	0	0.004348612	0
5078125	3.883032	0	0.004288864	0
5093750	3.882686	0	0.004230116	0
5109375	3.882343	0	0.00417235	0
5125000	3.882002	0	0.004115545	0
5140625	3.881664	0	0.004059683	0
5156250	3.881327	0	0.004004746	0
5171875	3.880993	0	0.003950714	0
5187500	3.880661	0	0.003897571	0
5203125	3.88033	0	0.0038453	0
5218750	3.880003	0	0.003793883	0
5234375	3.879677	0	0.003743306	0
5250000	3.879354	0	0.003693549	0
5265625	3.879031	0	0.0036446	0
5281250	3.878711	0	0.00359644	0
5296875	3.878394	0	0.003549057	0
5312500	3.878078	0	0.003502436	0
5328125	3.877763	0	0.00345656	0
5343750	3.877451	0	0.003411418	0
5359375	3.877141	0	0.003366994	0
5375000	3.876833	0	0.003323275	0
5390625	3.876526	0	0.003280249	0
5406250	3.876221	0	0.003237902	0
5421875	3.875918	0	0.003196222	0
5437500	3.875616	0	0.003155196	0
5453125	3.875318	0	0.003114812	0
5468750	3.87502	0	0.003075059	0
5484375	3.874724	0	0.003035924	0
5500000	3.874429	0	0.002997397	0
5515625	3.874136	0	0.002959465	0
5531250	3.873845	0	0.002922119	0
5546875	3.873556	0	0.002885349	0
5562500	3.873268	0	0.002849142	0
5578125	3.872983	0	0.002813489	0
5593750	3.872697	0	0.002778381	0
5609375	3.872414	0	0.002743807	0
5625000	3.872134	0	0.002709758	0
5640625	3.871853	0	0.002676224	0
5656250	3.871574	0	0.002643196	0
5671875	3.871297	0	0.002610666	0
5687500	3.871023	0	0.002578624	0
5703125	3.870749	0	0.002547061	0
5718750	3.870476	0	0.002515971	0
5734375	3.870206	0	0.002485343	0
5750000	3.869935	0	0.00245517	0
5765625	3.869667	0	0.002425444	0
5781250	3.8694	0	0.002396157	0
5796875	3.869136	0	0.002367301	0
5812500	3.868871	0	0.00233887	0
5828125	3.868609	0	0.002310856	0
5843750	3.868347	0	0.002283251	0
5859375	3.868087	0	0.002256049	0
5875000	3.86783	0	0.002229242	0
5890625	3.867571	0	0.002202824	0
5906250	3.867316	0	0.002176789	0
5921875	3.867062	0	0.002151129	0
5937500	3.866807	0	0.002125839	0
5953125	3.866555	0	0.002100911	0
5968750	3.866305	0	0.002076341	0
5984375	3.866055	0	0.002052122	0
6000000	3.865807	0	0.002028248	0
6015024	3.867531	0	0.00200126	0
6030047	3.869257	0	0.001974699	0
6045070	3.870986	0	0.001948556	0
6060093	3.872713	0	0.001922822	0
6075116	3.874444	0	0.001897492	0
6090139	3.876174	0	0.001872557	0
6105162	3.877906	0	0.00184801	0
6120185	3.87964	0	0.001823844	0
6135209	3.881375	0	0.001800052	0
6150232	3.88311	0	0.001776628	0
6165255	3.884847	0	0.001753566	0
6180278	3.886584	0	0.001730858	0
6195301	3.888324	0	0.001708499	0
6210324	3.890063	0	0.001686482	0
6225347	3.891805	0	0.001664801	0
6240370	3.893547	0	0.001643451	0
6255394	3.895291	0	0.001622425	0
6270417	3.897035	0	0.001601718	0
6285440	3.89878	0	0.001581324	0
6300463	3.900527	0	0.001561239	0
6315486	3.902273	0	0.001541456	0
6330509	3.904022	0	0.00152197	0
6345532	3.905771	0	0.001502777	0
6360555	3.907522	0	0.00148387	0
6375579	3.909273	0	0.001465245	0
6390602	3.911025	0	0.001446898	0
6405625	3.912778	0	0.001428823	0
6420648	3.914533	0	0.001411017	0
6435671	3.916287	0	0.001393474	0
6450694	3.918043	0	0.001376189	0
6465717	3.9198	0	0.001359159	0
6480740	3.921557	0	0.00134238	0
6496967	3.923313	0	0.001325526	0
6513194	3.925069	0	0.001308925	0
6529421	3.926827	0	0.001292574	0
6545648	3.928586	0	0.001276467	0
6561875	3.930344	0	0.001260601	0
6578102	3.932105	0	0.001244972	0
6594329	3.933865	0	0.001229576	0
6610555	3.935627	0	0.001214409	0
6626782	3.937388	0	0.001199465	0
6643009	3.939152	0	0.001184742	0
6659236	3.940916	0	0.001170235	0
6675463	3.94268	0	0.001155943	0
6691690	3.944445	0	0.00114186	0
6707917	3.946211	0	0.001127984	0
6724144	3.947978	0	0.001114309	0
6740370	3.949746	0	0.001100836	0
6756597	3.951513	0	0.001087557	0
6772824	3.953283	0	0.001074471	0
6789051	3.955051	0	0.001061574	0
6805278	3.956822	0	0.001048864	0
6821505	3.958592	0	0.001036337	0
6837732	3.960364	0	0.00102399	0
6853959	3.962136	0	0.001011822	0
6870185	3.963909	0	1.00E-03	0
6886412	3.965682	0	9.88E-04	0
6902639	3.967456	0	9.76E-04	0
6918866	3.96923	0	9.65E-04	0
6935093	3.971006	0	9.54E-04	0
6951320	3.972781	0	9.42E-04	0
6967547	3.974557	0	9.31E-04	0
6983774	3.976334	0	9.21E-04	0
7000000	3.978111	0	9.10E-04	0
7015104	3.981028	0	9.01E-04	0
7030207	3.983946	0	8.93E-04	0
7045311	3.986864	0	8.84E-04	0
7060414	3.989783	0	8.76E-04	0
7075518	3.992703	0	8.68E-04	0
7090621	3.995624	0	8.60E-04	0
7105725	3.998547	0	8.51E-04	0
7120828	4.001469	0	8.44E-04	0
7135932	4.004393	0	8.36E-04	0
7151035	4.007317	0	8.28E-04	0
7166139	4.010243	0	8.20E-04	0
7181242	4.013169	0	8.13E-04	0
7196346	4.016097	0	8.05E-04	0
7211449	4.019023	0	7.98E-04	0
7226552	4.021953	0	7.90E-04	0
7241655	4.024883	0	7.83E-04	0
7256759	4.027812	0	7.76E-04	0
7271862	4.030744	0	7.69E-04	0
7286966	4.033675	0	7.62E-04	0
7302069	4.036608	0	7.55E-04	0
7317173	4.039541	0	7.48E-04	0
7332276	4.042476	0	7.41E-04	0
7347380	4.045411	0	7.35E-04	0
7362483	4.048346	0	7.28E-04	0
7377587	4.051284	0	7.22E-04	0
7392690	4.05422	0	7.15E-04	0
7407794	4.057158	0	7.09E-04	0
7422897	4.060098	0	7.02E-04	0
7438001	4.063037	0	6.96E-04	0
7453104	4.065977	0	6.90E-04	0
7468207	4.068918	0	6.84E-04	0
7483310	4.071859	0	6.78E-04	0
7499187	4.074836	0	6.73E-04	0
7515064	4.077813	0	6.68E-04	0
7530941	4.080792	0	6.63E-04	0
7546818	4.08377	0	6.58E-04	0
7562695	4.08675	0	6.54E-04	0
7578572	4.089729	0	6.49E-04	0
7594449	4.092709	0	6.44E-04	0
7610325	4.095691	0	6.40E-04	0
7626202	4.098672	0	6.35E-04	0
7642079	4.101654	0	6.31E-04	0
7657956	4.104636	0	6.26E-04	0
7673833	4.10762	0	6.22E-04	0
7689710	4.110603	0	6.17E-04	0
7705587	4.113587	0	6.13E-04	0
7721464	4.116571	0	6.09E-04	0
7737340	4.119557	0	6.04E-04	0
7758930	4.123565	0	6.00E-04	0
7773997	4.126328	0	5.97E-04	0
7789064	4.129093	0	5.94E-04	0
7804131	4.131858	0	5.91E-04	0
7819198	4.134622	0	5.88E-04	0
7834265	4.137387	0	5.85E-04	0
7849332	4.140153	0	5.82E-04	0
7864399	4.142919	0	5.79E-04	0
7879465	4.145684	0	5.76E-04	0
7894532	4.148451	0	5.73E-04	0
7909599	4.151218	0	5.70E-04	0
7924666	4.153985	0	5.67E-04	0
7939733	4.156753	0	5.64E-04	0
7954800	4.15952	0	5.61E-04	0
7969867	4.162287	0	5.58E-04	0
7984934	4.165055	0	5.56E-04	0
8000000	4.167825	0	5.53E-04	0
8029884	4.174424	0	5.53E-04	0
8059768	4.181023	0	5.53E-04	0
8089652	4.18762	0	5.53E-04	0
8119535	4.194215	0	5.53E-04	0
8149419	4.20081	0	5.53E-04	0
8179303	4.207403	0	5.54E-04	0
8209187	4.213995	0	5.54E-04	0
8239070	4.220584	0	5.54E-04	0
8269847	4.227268	0	5.56E-04	0
8300623	4.233951	0	5.58E-04	0
8331399	4.240631	0	5.60E-04	0
8362175	4.24731	0	5.62E-04	0
8392952	4.253987	0	5.63E-04	0
8423728	4.260663	0	5.65E-04	0
8454504	4.267337	0	5.68E-04	0
8485280	4.274008	0	5.70E-04	0
8516977	4.280778	0	5.74E-04	0
8548673	4.287546	0	5.78E-04	0
8580369	4.294313	0	5.82E-04	0
8612065	4.301076	0	5.86E-04	0
8643762	4.307839	0	5.91E-04	0
8675458	4.314598	0	5.96E-04	0
8707154	4.321356	0	6.01E-04	0
8738850	4.328113	0	6.06E-04	0
8755172	4.331539	0	6.09E-04	0
8771494	4.334966	0	6.12E-04	0
8787816	4.338394	0	6.15E-04	0
8804138	4.34182	0	6.18E-04	0
8820460	4.345245	0	6.21E-04	0
8836782	4.34867	0	6.25E-04	0
8853104	4.352094	0	6.28E-04	0
8869425	4.355518	0	6.32E-04	0
8885747	4.358941	0	6.36E-04	0
8902069	4.362365	0	6.40E-04	0
8918391	4.365787	0	6.45E-04	0
8934713	4.369211	0	6.50E-04	0
8951035	4.372632	0	6.55E-04	0
8967357	4.376055	0	6.60E-04	0
8983679	4.379475	0	6.66E-04	0
9000000	4.382897	0	6.72E-04	0
9051329	4.392775	0	6.89E-04	0
9102658	4.402709	0	7.07E-04	0
9153987	4.412693	0	7.25E-04	0
9205315	4.42273	0	7.44E-04	0
9256644	4.432819	0	7.64E-04	0
9307973	4.44296	0	7.85E-04	0
9359302	4.453154	0	8.07E-04	0
9410630	4.463396	0	8.30E-04	0
9439692	4.468898	0	8.43E-04	0
9468753	4.474406	0	8.55E-04	0
9497814	4.479919	0	8.68E-04	0
9526875	4.485437	0	8.81E-04	0
9555937	4.490961	0	8.94E-04	0
9584998	4.496491	0	9.08E-04	0
9614059	4.502026	0	9.22E-04	0
9643120	4.507566	0	9.36E-04	0
9672182	4.513112	0	9.50E-04	0
9701243	4.518662	0	9.65E-04	0
9730304	4.524217	0	9.80E-04	0
9759365	4.529778	0	9.96E-04	0
9788427	4.535345	0	1.01E-03	0
9817488	4.540915	0	1.03E-03	0
9846549	4.546493	0	1.05E-03	0
9875610	4.552073	0	1.06E-03	0
9891159	4.554964	0	1.07E-03	0
9906708	4.55786	0	1.08E-03	0
9922257	4.560763	0	1.09E-03	0
9937805	4.563672	0	1.10E-03	0
9953354	4.566589	0	1.11E-03	0
9968903	4.569514	0	1.12E-03	0
9984452	4.572445	0	1.13E-03	0
1.00E+07	4.575381	0	1.14E-03	0
1.00E+07	4.577531	0	1.15E-03	0
1.00E+07	4.579704	0	1.16E-03	0
1.01E+07	4.581903	0	1.17E-03	0
1.01E+07	4.584126	0	1.18E-03	0
1.01E+07	4.585684	0	1.19E-03	0
1.01E+07	4.587256	0	1.20E-03	0
1.01E+07	4.588843	0	1.20E-03	0
1.02E+07	4.590445	0	1.21E-03	0
1.02E+07	4.59206	0	1.22E-03	0
1.02E+07	4.593691	0	1.23E-03	0
1.02E+07	4.595336	0	1.24E-03	0
1.02E+07	4.596993	0	1.25E-03	0
1.02E+07	4.598667	0	1.26E-03	0
1.03E+07	4.600355	0	1.27E-03	0
1.03E+07	4.602055	0	1.28E-03	0
1.03E+07	4.603769	0	1.29E-03	0
1.03E+07	4.605499	0	1.30E-03	0
1.03E+07	4.607243	0	1.31E-03	0
1.03E+07	4.608999	0	1.32E-03	0
1.04E+07	4.61077	0	1.33E-03	0
1.04E+07	4.612324	0	1.34E-03	0
1.04E+07	4.613896	0	1.35E-03	0
1.04E+07	4.615487	0	1.36E-03	0
1.04E+07	4.617096	0	1.38E-03	0
1.05E+07	4.618725	0	1.39E-03	0
1.05E+07	4.620372	0	1.40E-03	0
1.05E+07	4.622037	0	1.41E-03	0
1.05E+07	4.623719	0	1.42E-03	0
1.05E+07	4.625423	0	1.44E-03	0
1.06E+07	4.627143	0	1.45E-03	0
1.06E+07	4.628881	0	1.46E-03	0
1.06E+07	4.630638	0	1.47E-03	0
1.06E+07	4.632413	0	1.49E-03	0
1.06E+07	4.634206	0	1.50E-03	0
1.07E+07	4.636017	0	1.52E-03	0
1.07E+07	4.637845	0	1.53E-03	0
1.07E+07	4.639753	0	0.001544475	0
1.07E+07	4.641679	0	0.00155943	0
1.07E+07	4.643625	0	0.001574638	0
1.08E+07	4.645589	0	0.001590104	0
1.08E+07	4.647572	0	0.001605832	0
1.08E+07	4.649573	0	0.00162183	0
1.08E+07	4.651593	0	0.001638102	0
1.08E+07	4.653632	0	0.001654654	0
1.09E+07	4.655688	0	0.001671491	0
1.09E+07	4.657764	0	0.001688621	0
1.09E+07	4.659857	0	0.001706049	0
1.09E+07	4.661969	0	0.001723781	0
1.09E+07	4.664099	0	0.001741824	0
1.10E+07	4.666248	0	0.001760184	0
1.10E+07	4.668414	0	0.001778868	0
1.10E+07	4.670597	0	0.001797883	0
1.10E+07	4.671568	0	0.001806649	0
1.10E+07	4.672543	0	0.001815506	0
1.10E+07	4.673524	0	0.001824468	0
1.11E+07	4.674513	0	0.001833524	0
1.11E+07	4.67551	0	0.001842688	0
1.11E+07	4.676511	0	0.001851947	0
1.11E+07	4.677522	0	0.001861317	0
1.11E+07	4.678538	0	0.001870784	0
1.11E+07	4.679561	0	0.001880363	0
1.11E+07	4.68059	0	0.001890043	0
1.11E+07	4.681626	0	0.001899838	0
1.12E+07	4.682668	0	0.001909736	0
1.12E+07	4.683718	0	0.001919752	0
1.12E+07	4.684773	0	0.001929872	0
1.12E+07	4.685836	0	0.001940114	0
1.12E+07	4.686905	0	0.001950462	0
1.12E+07	4.687981	0	0.001960934	0
1.12E+07	4.689062	0	0.001971516	0
1.12E+07	4.690152	0	0.001982225	0
1.13E+07	4.691246	0	0.001993045	0
1.13E+07	4.692348	0	0.002003994	0
1.13E+07	4.693456	0	0.002015059	0
1.13E+07	4.694571	0	0.002026256	0
1.13E+07	4.695692	0	0.002037571	0
1.13E+07	4.69682	0	0.002049021	0
1.13E+07	4.697954	0	0.00206059	0
1.14E+07	4.699094	0	0.002072299	0
1.14E+07	4.70024	0	0.002084131	0
1.14E+07	4.701394	0	0.002096104	0
1.14E+07	4.702553	0	0.002108204	0
1.14E+07	4.70372	0	0.002120448	0
1.14E+07	4.704891	0	0.002132821	0
1.14E+07	4.706082	0	0.002145817	0
1.14E+07	4.707279	0	0.002158964	0
1.15E+07	4.708483	0	0.002172265	0
1.15E+07	4.709693	0	0.002185711	0
1.15E+07	4.710911	0	0.002199325	0
1.15E+07	4.712134	0	0.002213088	0
1.15E+07	4.713366	0	0.002227022	0
1.15E+07	4.714602	0	0.00224111	0
1.15E+07	4.715847	0	0.002255372	0
1.16E+07	4.717098	0	0.002269791	0
1.16E+07	4.718355	0	0.002284388	0
1.16E+07	4.719619	0	0.002299148	0
1.16E+07	4.720891	0	0.00231409	0
1.16E+07	4.722167	0	0.002329197	0
1.16E+07	4.723452	0	0.002344492	0
1.16E+07	4.724743	0	0.002359954	0
1.16E+07	4.726041	0	0.002375609	0
1.17E+07	4.727344	0	0.002391449	0
1.17E+07	4.728655	0	0.002407474	0
1.17E+07	4.729972	0	0.002423676	0
1.17E+07	4.731296	0	0.00244008	0
1.17E+07	4.732626	0	0.002456663	0
1.17E+07	4.733963	0	0.002473454	0
1.17E+07	4.735305	0	0.00249043	0
1.18E+07	4.736656	0	0.002507617	0
1.18E+07	4.738011	0	0.002524995	0
1.18E+07	4.739374	0	0.002542589	0
1.18E+07	4.740742	0	0.002560377	0
1.18E+07	4.742119	0	0.002578387	0
1.18E+07	4.743501	0	0.002596596	0
1.18E+07	4.744889	0	0.002615031	0
1.18E+07	4.746283	0	0.002633672	0
1.19E+07	4.747859	0	0.002657635	0
1.19E+07	4.749449	0	0.002681963	0
1.19E+07	4.75105	0	0.002706658	0
1.19E+07	4.752666	0	0.002731714	0
1.19E+07	4.754296	0	0.002757165	0
1.20E+07	4.755938	0	0.002782999	0
1.20E+07	4.757593	0	0.002809227	0
1.20E+07	4.75926	0	0.002835839	0
1.20E+07	4.758116	0	0.00285388	0
1.20E+07	4.756979	0	0.002872108	0
1.20E+07	4.755849	0	0.002890537	0
1.21E+07	4.754724	0	0.002909169	0
1.21E+07	4.753604	0	0.002928021	0
1.21E+07	4.752493	0	0.002947065	0
1.21E+07	4.751386	0	0.00296632	0
1.21E+07	4.750286	0	0.002985788	0
1.21E+07	4.749191	0	0.003005483	0
1.22E+07	4.748104	0	0.003025382	0
1.22E+07	4.747022	0	0.003045499	0
1.22E+07	4.745946	0	0.003065839	0
1.22E+07	4.744876	0	0.003086414	0
1.22E+07	4.743812	0	0.003107203	0
1.22E+07	4.742754	0	0.00312822	0
1.22E+07	4.741703	0	0.003149468	0
1.23E+07	4.740658	0	0.003170962	0
1.23E+07	4.739617	0	0.00319268	0
1.23E+07	4.738584	0	0.003214635	0
1.23E+07	4.737557	0	0.003236831	0
1.23E+07	4.736534	0	0.003259287	0
1.23E+07	4.735518	0	0.003281973	0
1.24E+07	4.734509	0	0.003304908	0
1.24E+07	4.733504	0	0.003328093	0
1.24E+07	4.732506	0	0.003351549	0
1.24E+07	4.731514	0	0.003375247	0
1.24E+07	4.730527	0	0.003399204	0
1.24E+07	4.729548	0	0.003423423	0
1.24E+07	4.728573	0	0.003447923	0
1.25E+07	4.727604	0	0.003472675	0
1.25E+07	4.726642	0	0.003497699	0
1.25E+07	4.725685	0	0.003522995	0
1.25E+07	4.724673	0	0.003549627	0
1.25E+07	4.723667	0	0.003576562	0
1.25E+07	4.722667	0	0.003603803	0
1.26E+07	4.721676	0	0.003631338	0
1.26E+07	4.72069	0	0.003659203	0
1.26E+07	4.719709	0	0.003687386	0
1.26E+07	4.718735	0	0.003715889	0
1.26E+07	4.717767	0	0.003744697	0
1.26E+07	4.716806	0	0.003773852	0
1.26E+07	4.715851	0	0.003803338	0
1.27E+07	4.714902	0	0.003833158	0
1.27E+07	4.71396	0	0.0038633	0
1.27E+07	4.713023	0	0.003893803	0
1.27E+07	4.712092	0	0.003924651	0
1.27E+07	4.711168	0	0.003955851	0
1.27E+07	4.71025	0	0.003987385	0
1.28E+07	4.709339	0	0.004019297	0
1.28E+07	4.708432	0	0.00405157	0
1.28E+07	4.707533	0	0.004084211	0
1.28E+07	4.70664	0	0.004117202	0
1.28E+07	4.705753	0	0.004150587	0
1.28E+07	4.704871	0	0.004184351	0
1.29E+07	4.703996	0	0.004218499	0
1.29E+07	4.703128	0	0.004253012	0
1.29E+07	4.702265	0	0.004287937	0
1.29E+07	4.701407	0	0.00432326	0
1.29E+07	4.700556	0	0.004358984	0
1.29E+07	4.699712	0	0.004395089	0
1.30E+07	4.698873	0	0.004431626	0
1.30E+07	4.69804	0	0.004468579	0
1.30E+07	4.697213	0	0.004505948	0
1.30E+07	4.696392	0	0.00454372	0
1.30E+07	4.695417	0	0.004573746	0
1.30E+07	4.694446	0	0.004604026	0
1.30E+07	4.693477	0	0.004634599	0
1.31E+07	4.692512	0	0.004665427	0
1.31E+07	4.691549	0	0.004696554	0
1.31E+07	4.690591	0	0.004727942	0
1.31E+07	4.689635	0	0.004759635	0
1.31E+07	4.688681	0	0.004791591	0
1.31E+07	4.687732	0	0.004823859	0
1.32E+07	4.686785	0	0.004856395	0
1.32E+07	4.685842	0	0.004889248	0
1.32E+07	4.684901	0	0.004922376	0
1.32E+07	4.683964	0	0.004955825	0
1.32E+07	4.68303	0	0.004989554	0
1.32E+07	4.682099	0	0.005023588	0
1.32E+07	4.681171	0	0.005057929	0
1.33E+07	4.680245	0	0.005092601	0
1.33E+07	4.679324	0	0.005127565	0
1.33E+07	4.678404	0	0.005162868	0
1.33E+07	4.67749	0	0.005198467	0
1.33E+07	4.676576	0	0.00523441	0
1.33E+07	4.675667	0	0.005270655	0
1.34E+07	4.67476	0	0.005307251	0
1.34E+07	4.673856	0	0.005344153	0
1.34E+07	4.672956	0	0.005381415	0
1.34E+07	4.672058	0	0.005418987	0
1.34E+07	4.671162	0	0.005456925	0
1.34E+07	4.670271	0	0.00549518	0
1.34E+07	4.669382	0	0.005533806	0
1.35E+07	4.668498	0	0.005572757	0
1.35E+07	4.667615	0	0.005612059	0
1.35E+07	4.666736	0	0.005651716	0
1.35E+07	4.665817	0	0.00569328	0
1.35E+07	4.664901	0	0.005735235	0
1.35E+07	4.663987	0	0.005777583	0
1.36E+07	4.663079	0	0.005820302	0
1.36E+07	4.662172	0	0.005863451	0
1.36E+07	4.661271	0	0.005906978	0
1.36E+07	4.660371	0	0.005950941	0
1.36E+07	4.659474	0	0.005995289	0
1.36E+07	4.658582	0	0.006040084	0
1.36E+07	4.657691	0	0.006085271	0
1.37E+07	4.656805	0	0.006130912	0
1.37E+07	4.655923	0	0.006176955	0
1.37E+07	4.655042	0	0.00622346	0
1.37E+07	4.654166	0	0.006270374	0
1.37E+07	4.653291	0	0.00631776	0
1.37E+07	4.652422	0	0.006365562	0
1.38E+07	4.651554	0	0.006413847	0
1.38E+07	4.65069	0	0.006462586	0
1.38E+07	4.649829	0	0.006511788	0
1.38E+07	4.648972	0	0.006561421	0
1.38E+07	4.648118	0	0.006611556	0
1.38E+07	4.647267	0	0.006662133	0
1.39E+07	4.646419	0	0.006713223	0
1.39E+07	4.645574	0	0.006764762	0
1.39E+07	4.644733	0	0.006816824	0
1.39E+07	4.643895	0	0.006869346	0
1.39E+07	4.64306	0	0.0069224	0
1.39E+07	4.642228	0	0.006975926	0
1.40E+07	4.641399	0	0.007029995	0
1.40E+07	4.640575	0	0.007084543	0
1.40E+07	4.639752	0	0.007139648	0
1.40E+07	4.638933	0	0.007195242	0
1.40E+07	4.636673	0	0.007242994	0
1.40E+07	4.634419	0	0.007291101	0
1.40E+07	4.632168	0	0.007339631	0
1.41E+07	4.629924	0	0.007388522	0
1.41E+07	4.627683	0	0.007437846	0
1.41E+07	4.625449	0	0.00748754	0
1.41E+07	4.623217	0	0.007537675	0
1.41E+07	4.620993	0	0.007588188	0
1.41E+07	4.618772	0	7.64E-03	0
1.42E+07	4.616558	0	7.69E-03	0
1.42E+07	4.614346	0	7.74E-03	0
1.42E+07	4.612143	0	7.79E-03	0
1.42E+07	4.609941	0	7.85E-03	0
1.42E+07	4.607745	0	7.90E-03	0
1.42E+07	4.605554	0	7.95E-03	0
1.43E+07	4.603369	0	8.01E-03	0
1.43E+07	4.601187	0	8.06E-03	0
1.43E+07	4.599012	0	8.12E-03	0
1.43E+07	4.59684	0	8.17E-03	0
1.43E+07	4.594674	0	8.23E-03	0
1.43E+07	4.592512	0	8.28E-03	0
1.43E+07	4.590354	0	8.34E-03	0
1.44E+07	4.588202	0	8.40E-03	0
1.44E+07	4.586056	0	8.46E-03	0
1.44E+07	4.583913	0	8.52E-03	0
1.44E+07	4.581776	0	8.57E-03	0
1.44E+07	4.579643	0	8.63E-03	0
1.44E+07	4.577517	0	8.69E-03	0
1.45E+07	4.575392	0	8.75E-03	0
1.45E+07	4.573274	0	8.82E-03	0
1.45E+07	4.571161	0	8.88E-03	0
1.45E+07	4.569053	0	8.94E-03	0
1.45E+07	4.566911	0	9.00E-03	0
1.45E+07	4.564774	0	9.05E-03	0
1.45E+07	4.562641	0	9.11E-03	0
1.46E+07	4.560512	0	9.17E-03	0
1.46E+07	4.558386	0	9.23E-03	0
1.46E+07	4.556267	0	9.28E-03	0
1.46E+07	4.554149	0	9.34E-03	0
1.46E+07	4.552037	0	9.40E-03	0
1.46E+07	4.549928	0	9.46E-03	0
1.47E+07	4.547824	0	9.52E-03	0
1.47E+07	4.545722	0	9.58E-03	0
1.47E+07	4.543627	0	9.65E-03	0
1.47E+07	4.541533	0	9.71E-03	0
1.47E+07	4.539446	0	9.77E-03	0
1.47E+07	4.537361	0	9.83E-03	0
1.48E+07	4.535282	0	9.90E-03	0
1.48E+07	4.533205	0	9.96E-03	0
1.48E+07	4.531134	0	1.00E-02	0
1.48E+07	4.529066	0	1.01E-02	0
1.48E+07	4.527002	0	1.02E-02	0
1.48E+07	4.524942	0	1.02E-02	0
1.48E+07	4.522887	0	1.03E-02	0
1.49E+07	4.520834	0	1.04E-02	0
1.49E+07	4.518788	0	1.04E-02	0
1.49E+07	4.516744	0	1.05E-02	0
1.49E+07	4.514704	0	1.06E-02	0
1.49E+07	4.512669	0	1.06E-02	0
1.49E+07	4.510638	0	1.07E-02	0
1.50E+07	4.50861	0	1.08E-02	0
1.50E+07	4.506588	0	1.08E-02	0
1.50E+07	4.504568	0	1.09E-02	0
1.50E+07	4.502554	0	1.10E-02	0
1.50E+07	4.499886	0	1.10E-02	0
1.50E+07	4.497224	0	1.11E-02	0
1.50E+07	4.494565	0	1.12E-02	0
1.51E+07	4.491914	0	1.12E-02	0
1.51E+07	4.489266	0	1.13E-02	0
1.51E+07	4.486627	0	1.13E-02	0
1.51E+07	4.483989	0	1.14E-02	0
1.51E+07	4.48136	0	1.15E-02	0
1.51E+07	4.478732	0	1.15E-02	0
1.52E+07	4.476113	0	1.16E-02	0
1.52E+07	4.473497	0	1.16E-02	0
1.52E+07	4.470888	0	1.17E-02	0
1.52E+07	4.468282	0	1.18E-02	0
1.52E+07	4.465683	0	1.18E-02	0
1.52E+07	4.463088	0	1.19E-02	0
1.53E+07	4.460499	0	1.20E-02	0
1.53E+07	4.457914	0	1.20E-02	0
1.53E+07	4.455336	0	1.21E-02	0
1.53E+07	4.452761	0	1.21E-02	0
1.53E+07	4.450193	0	1.22E-02	0
1.53E+07	4.447629	0	1.23E-02	0
1.53E+07	4.445071	0	1.23E-02	0
1.54E+07	4.442517	0	1.24E-02	0
1.54E+07	4.439971	0	1.25E-02	0
1.54E+07	4.437426	0	1.25E-02	0
1.54E+07	4.43489	0	1.26E-02	0
1.54E+07	4.432356	0	1.27E-02	0
1.54E+07	4.42983	0	1.28E-02	0
1.55E+07	4.427307	0	1.28E-02	0
1.55E+07	4.424791	0	1.29E-02	0
1.55E+07	4.422278	0	1.30E-02	0
1.55E+07	4.419772	0	1.30E-02	0
1.55E+07	4.41727	0	1.31E-02	0
1.55E+07	4.414775	0	1.32E-02	0
1.55E+07	4.412282	0	1.33E-02	0
1.56E+07	4.409797	0	1.33E-02	0
1.56E+07	4.407315	0	1.34E-02	0
1.56E+07	4.404841	0	1.35E-02	0
1.56E+07	4.40237	0	1.35E-02	0
1.56E+07	4.399906	0	1.36E-02	0
1.56E+07	4.397445	0	1.37E-02	0
1.57E+07	4.394992	0	1.38E-02	0
1.57E+07	4.392542	0	1.38E-02	0
1.57E+07	4.390099	0	1.39E-02	0
1.57E+07	4.387661	0	1.40E-02	0
1.57E+07	4.385228	0	1.41E-02	0
1.57E+07	4.3828	0	1.42E-02	0
1.58E+07	4.380379	0	1.42E-02	0
1.58E+07	4.377962	0	1.43E-02	0
1.58E+07	4.375551	0	1.44E-02	0
1.58E+07	4.373145	0	1.45E-02	0
1.58E+07	4.370746	0	1.46E-02	0
1.58E+07	4.368351	0	1.47E-02	0
1.58E+07	4.365965	0	1.47E-02	0
1.59E+07	4.363581	0	1.48E-02	0
1.59E+07	4.361206	0	1.49E-02	0
1.59E+07	4.358834	0	1.50E-02	0
1.59E+07	4.35647	0	1.51E-02	0
1.59E+07	4.354111	0	1.52E-02	0
1.59E+07	4.351761	0	1.53E-02	0
1.60E+07	4.349414	0	1.53E-02	0
1.60E+07	4.347075	0	1.54E-02	0
1.60E+07	4.344743	0	1.55E-02	0
1.60E+07	4.342418	0	1.56E-02	0
1.61E+07	4.332653	0	1.59E-02	0
1.61E+07	4.322968	0	1.61E-02	0
1.62E+07	4.313357	0	1.64E-02	0
1.62E+07	4.303824	0	1.67E-02	0
1.63E+07	4.294365	0	1.69E-02	0
1.63E+07	4.284987	0	1.72E-02	0
1.64E+07	4.275682	0	1.75E-02	0
1.64E+07	4.266455	0	1.78E-02	0
1.65E+07	4.250351	0	1.83E-02	0
1.66E+07	4.234469	0	1.87E-02	0
1.67E+07	4.217049	0	0.019249858	0
1.68E+07	4.199891	0	0.019781485	0
1.69E+07	4.182993	0	0.020335357	0
1.70E+07	4.166357	0	0.020913136	0
1.71E+07	4.148906	0	0.021504156	0
1.72E+07	4.131734	0	0.022120213	0
1.73E+07	4.115336	0	0.022617853	0
1.74E+07	4.099168	0	0.023133139	0
1.75E+07	4.083227	0	0.02366719	0
1.76E+07	4.067511	0	0.024221179	0
1.77E+07	4.052019	0	0.024796429	0
1.78E+07	4.036756	0	0.02539421	0
1.79E+07	4.021719	0	0.026016065	0
1.80E+07	4.00691	0	0.026663642	0
1.81E+07	3.984633	0	0.027307138	0
1.83E+07	3.962783	0	0.027977689	0
1.84E+07	3.941354	0	0.028677156	0
1.85E+07	3.920346	0	0.029407589	0
1.86E+07	3.899756	0	0.030171173	0
1.88E+07	3.87958	0	0.030970331	0
1.89E+07	3.85982	0	0.031807663	0
1.90E+07	3.840474	0	0.032686033	0
1.93E+07	3.800304	0	0.034031142	0
1.95E+07	3.761671	0	0.035489202	0
1.98E+07	3.724561	0	0.037074459	0
2.00E+07	3.688966	0	0.03880318	0
