							
							
energy	total	scatter	capture	fission			
1.00E-05	2985.614	48.92564	2936.689	0			
1.06E-05	2896.514	47.50824	2849.006	0			
1.13E-05	2814.948	46.21187	2768.736	0			
1.19E-05	2739.909	45.02035	2694.889	0			
1.25E-05	2670.573	43.92036	2626.652	0			
1.38E-05	2546.367	41.95254	2504.414	0			
1.50E-05	2438.033	40.23931	2397.793	0			
1.63E-05	2342.455	38.73054	2303.724	0			
1.75E-05	2257.313	37.38894	2219.924	0			
1.88E-05	2180.835	36.18604	2144.649	0			
2.00E-05	2111.647	35.09976	2076.547	0			
2.19E-05	2019.21	33.65169	1985.558	0			
2.38E-05	1937.951	32.38217	1905.569	0			
2.56E-05	1865.785	31.25775	1834.528	0			
2.75E-05	1801.135	30.25312	1770.882	0			
2.94E-05	1742.781	29.34876	1713.432	0			
3.13E-05	1689.762	28.52929	1661.233	0			
3.31E-05	1641.314	27.78245	1613.532	0			
3.50E-05	1596.815	27.0983	1569.716	0			
3.88E-05	1517.716	25.88697	1491.829	0			
4.25E-05	1449.337	24.84534	1424.492	0			
4.63E-05	1389.458	23.93798	1365.52	0			
5.00E-05	1336.453	23.13898	1313.314	0			
5.31E-05	1296.642	22.54175	1274.101	0			
5.63E-05	1260.2	21.99741	1238.202	0			
5.94E-05	1226.675	21.49881	1205.177	0			
6.25E-05	1195.7	21.0401	1174.66	0			
6.88E-05	1140.216	20.22363	1119.992	0			
7.50E-05	1091.827	19.5176	1072.31	0			
8.13E-05	1049.14	18.9	1030.24	0			
8.75E-05	1011.117	18.35447	992.7625	0			
9.38E-05	976.9667	17.86856	959.0982	0			
1.00E-04	946.0739	17.43261	928.6413	0			
1.06E-04	917.952	17.039	900.913	0			
1.13E-04	892.2102	16.68162	875.5286	0			
1.19E-04	868.5311	16.35551	852.1756	0			
1.25E-04	846.6533	16.05662	830.5967	0			
1.38E-04	807.4678	15.52752	791.9403	0			
1.50E-04	773.2959	15.07328	758.2227	0			
1.63E-04	743.1531	14.67873	728.4744	0			
1.75E-04	716.3058	14.33261	701.9732	0			
1.88E-04	692.1947	14.02638	678.1684	0			
2.00E-04	670.385	13.75343	656.6315	0			
2.19E-04	641.2521	13.39532	627.8567	0			
2.38E-04	615.6477	13.0872	602.5605	0			
2.56E-04	592.9133	12.81925	580.094	0			
2.75E-04	572.5503	12.58407	559.9662	0			
2.94E-04	554.1737	12.37601	541.7977	0			
3.13E-04	537.4804	12.19064	525.2897	0			
3.31E-04	522.2284	12.02446	510.204	0			
3.50E-04	508.2219	11.87464	496.3473	0			
3.88E-04	483.3303	11.6154	471.7149	0			
4.25E-04	461.818	11.39898	450.419	0			
4.63E-04	442.9843	11.21569	431.7686	0			
5.00E-04	426.3163	11.05855	415.2577	0			
5.31E-04	413.7997	10.94379	402.8559	0			
5.63E-04	402.3438	10.8413	391.5025	0			
5.94E-04	391.8067	10.74922	381.0575	0			
6.25E-04	382.072	10.66605	371.4059	0			
6.88E-04	364.6379	10.52183	354.1161	0			
7.50E-04	349.4362	10.40113	339.035	0			
8.13E-04	336.028	10.29869	325.7293	0			
8.75E-04	324.0864	10.21069	313.8757	0			
9.38E-04	313.3624	10.1343	303.2281	0			
0.001	303.6622	10.06737	293.5948	0			
0.0010625	294.8328	10.00827	284.8245	0			
0.001125	286.7511	9.955698	276.7954	0			
0.0011875	279.3174	9.908636	269.4088	0			
0.00125	272.4495	9.866262	262.5832	0			
0.001375	260.1487	9.793037	250.3556	0			
0.0015	249.422	9.731987	239.69	0			
0.001625	239.96	9.680311	230.2797	0			
0.00175	231.5323	9.636003	221.8963	0			
0.001875	223.9633	9.59759	214.3657	0			
0.002	217.1164	9.563969	207.5525	0			
0.0021875	207.9699	9.520725	198.4492	0			
0.002375	199.9304	9.48429	190.4461	0			
0.0025625	192.7912	9.453171	183.3381	0			
0.00275	186.396	9.426279	176.9697	0			
0.0029375	180.6238	9.402805	171.221	0			
0.003125	175.3796	9.382135	165.9974	0			
0.0033125	170.5874	9.363791	161.2237	0			
0.0035	166.1859	9.347401	156.8385	0			
0.003875	158.3619	9.319345	149.0425	0			
0.00425	151.5979	9.2962	142.3017	0			
0.004625	145.6743	9.27677	136.3975	0			
0.005	140.4305	9.260221	131.1703	0			
0.0053125	136.4919	9.248189	127.2437	0			
0.005625	132.8863	9.237473	123.6489	0			
0.0059375	129.5693	9.227865	120.3415	0			
0.00625	126.5043	9.219199	117.2851	0			
0.006875	121.0132	9.204178	111.809	0			
0.0075	116.2229	9.191596	107.0313	0			
0.008125	111.9958	9.180891	102.8149	0			
0.00875	108.2298	9.171661	99.05813	0			
0.009375	104.8469	9.16361	95.6833	0			
0.01	101.7866	9.156518	92.63012	0			
0.010625	99.00094	9.150216	89.85072	0			
0.01125	96.45108	9.144571	87.30651	0			
0.011875	94.10541	9.13948	84.96593	0			
0.0125	91.9378	9.13486	82.80294	0			
0.01375	88.05344	9.126775	78.92666	0			
0.015	84.66287	9.119911	75.54296	0			
0.01625	81.6692	9.113985	72.55521	0			
0.0175	79.00082	9.108797	69.89202	0			
0.01875	76.60314	9.1042	67.49894	0			
0.02	74.4335	9.100081	65.33342	0			
0.021325	72.34497	9.096145	63.24882	0			
0.02265	70.44227	9.092576	61.34969	0			
0.023975	68.69941	9.089311	59.6101	0			
0.0253	67.0953	9.086305	58.009	0			
0.02684375	65.37844	9.083076	56.29536	0			
0.0283875	63.8039	9.080096	54.7238	0			
0.02993125	62.35298	9.077327	53.27565	0			
0.031475	61.0099	9.074737	51.93516	0			
0.0345625	58.59621	9.070002	49.52621	0			
0.03765	56.48116	9.065737	47.41542	0			
0.0407375	54.60815	9.061835	45.54631	0			
0.043825	52.93513	9.058221	43.8769	0			
0.0469125	51.42913	9.054837	42.37429	0			
0.05	50.06408	9.051642	41.01244	0			
0.053125	48.80498	9.048566	39.75642	0			
0.05625	47.65242	9.045624	38.60679	0			
0.059375	46.59268	9.042794	37.54989	0			
0.0625	45.61368	9.04006	36.57362	0			
0.06875	43.85591	9.034828	34.82109	0			
0.075	42.3159	9.029846	33.28605	0			
0.08125	40.95388	9.02506	31.92882	0			
0.0875	39.73868	9.020427	30.71826	0			
0.09375	38.64553	9.015919	29.62961	0			
0.1	37.65503	9.011513	28.64352	0			
0.10625	36.75192	9.007194	27.74473	0			
0.1125	35.92421	9.002946	26.92126	0			
0.11875	35.16291	8.998761	26.16415	0			
0.125	34.46021	8.99463	25.46558	0			
0.1375	33.19578	8.986502	24.20928	0			
0.15	32.08464	8.978523	23.10612	0			
0.1625	31.10093	8.970663	22.13027	0			
0.175	30.22191	8.962902	21.25901	0			
0.1875	29.43029	8.955227	20.47506	0			
0.2	28.71399	8.947627	19.76637	0			
0.21875	27.752	8.936345	18.81565	0			
0.2375	26.89958	8.925187	17.97439	0			
0.25625	26.13899	8.914139	17.22485	0			
0.275	25.45447	8.903189	16.55128	0			
0.29375	24.83377	8.892329	15.94145	0			
0.3125	24.26726	8.881552	15.38571	0			
0.33125	23.74723	8.870853	14.87638	0			
0.35	23.26745	8.860229	14.40722	0			
0.36875	22.82306	8.849676	13.97338	0			
0.3875	22.41188	8.839195	13.57269	0			
0.425	21.66547	8.818423	12.84704	0			
0.5	20.41516	8.777605	11.63755	0			
0.5625	19.55827	8.744286	10.81399	0			
0.625	18.82135	8.711553	10.1098	0			
0.75	17.61359	8.647774	8.965817	0			
0.875	16.65627	8.58615	8.070119	0			
1	15.86878	8.526526	7.342253	0			
1.125	15.20201	8.468764	6.733241	0			
1.25	14.62854	8.412802	6.21574	0			
1.5	13.68483	8.305935	5.378899	0			
1.75	12.93411	8.205377	4.728731	0			
2	12.31594	8.1105	4.205436	0			
2.1875	11.91654	8.042749	3.873787	0			
2.375	11.56337	7.977884	3.585484	0			
2.75	10.96023	7.85572	3.104509	0			
3.125	10.46178	7.742714	2.719069	0			
3.5	10.0423	7.637954	2.404348	0			
3.875	9.683542	7.540581	2.142962	0			
4.25	9.372704	7.449843	1.922861	0			
4.625	9.100485	7.365093	1.735392	0			
5	8.860307	7.285837	1.574469	0			
5.00005	8.860279464	0	1.574451179	0			
5.625	8.516112	0	1.351712	0			
6.25	8.226945	0	1.172345	0			
6.875	7.980781	0	1.025864	0			
7.5	7.768647	0	0.9046227	0			
8.125	7.583927	0	0.8031146	0			
8.75	7.421631	0	0.7172771	0			
9.375	7.277916	0	0.6440532	0			
10	7.149771	0	0.581102	0			
10.625	7.034804	0	0.5266044	0			
11.25	6.931089	0	0.4791278	0			
11.875	6.837057	0	0.4375311	0			
12.5	6.751571	0	0.4009822	0			
13.75	6.601489	0	0.3398144	0			
15	6.474005	0	0.2910197	0			
16.25	6.364507	0	0.2515937	0			
17.5	6.269443	0	0.2193258	0			
18.75	6.186137	0	0.1926162	0			
20	6.112503	0	0.1702725	0			
20.9375	6.06266	0	0.1558432	0			
21.875	6.016913	0	0.1431205	0			
23.75	5.935548	0	0.12172	0			
25.625	5.865349	0	0.1045532	0			
27.5	5.804208	0	0.0906174	0			
29.375	5.750464	0	0.07916843	0			
31.25	5.702842	0	0.06966199	0			
33.125	5.660341	0	0.06169295	0			
35	5.622168	0	0.05495513	0			
36.875	5.587688	0	0.04921384	0			
38.75	5.556379	0	0.04428694	0			
40.625	5.527818	0	0.04003149	0			
42.5	5.501653	0	0.03633407	0			
44.375	5.477588	0	0.03310388	0			
46.25	5.455375	0	0.03026761	0			
48.125	5.434803	0	0.02776548	0			
50	5.415706	0	0.0255508	0			
53.125	5.386705	0	0.02238467	0			
56.25	5.360736	0	0.01975026	0			
59.375	5.337346	0	0.01753991	0			
62.5	5.316152	0	0.01566978	0			
65.625	5.296848	0	0.01407547	0			
68.75	5.279181	0	0.01270688	0			
71.875	5.26294	0	0.01152464	0			
75	5.247949	0	0.01049746	0			
78.125	5.234061	0	0.009600262	0			
81.25	5.221157	0	0.00881373	0			
87.5	5.197849	0	0.007505428	0			
93.75	5.177319	0	0.006471331	0			
100	5.15905	0	0.005643475	0			
106.25	5.142636	0	0.004972887	0			
112.5	5.127758	0	0.004424246	0			
118.75	5.11416	0	0.003971629	0			
125	5.101636	0	0.003595713	0			
131.25	5.090015	0	0.003281918	0			
137.5	5.079156	0	0.003019117	0			
143.75	5.068937	0	0.002798762	0			
150	5.059256	0	0.002614256	0			
156.25	5.050021	0	0.002460512	0			
162.5	5.041152	0	0.002333838	0			
175	5.024209	0	0.002150196	0			
184.375	5.011951	0	0.002074088	0			
193.75	4.999751	0	0.002029534	0			
200	4.99157	0	0.00203126	0			
206.5201	4.982863	0	0.002059432	0			
213.0401	4.973868	0	0.002118597	0			
219.5601	4.964443	0	0.00221559	0			
226.0801	4.954406	0	0.002361825	0			
229.3401	4.949154	0	0.002453348	0			
232.6001	4.943511	0	0.002575512	0			
235.8601	4.937663	0	0.002714472	0			
239.1201	4.931409	0	0.00288656	0			
242.3801	4.924823	0	0.003087254	0			
245.6401	4.917641	0	0.003341237	0			
248.9001	4.909825	0	0.003655728	0			
252.1601	4.901208	0	0.004051921	0			
254.6957	4.89381	0	0.004436424	0			
257.2313	4.885662	0	0.004909951	0			
259.7669	4.87662	0	0.005498113	0			
261.0347	4.871851	0	0.005825484	0			
262.3024	4.866669	0	0.006211335	0			
264.838	4.855209	0	0.007150892	0			
266.1058	4.848848	0	0.007724679	0			
267.3735	4.841992	0	0.008385671	0			
268.6413	4.834573	0	0.009151906	0			
269.9091	4.826508	0	0.01004692	0			
271.1769	4.817685	0	0.01110242	0			
272.4446	4.807971	0	0.0123614	0			
273.6219	4.797995	0	0.01376567	0			
274.7991	4.786938	0	0.01545969	0			
275.9763	4.774803	0	0.01746469	0			
277.1535	4.761035	0	0.01998403	0			
278.3308	4.745448	0	0.02314254	0			
278.9194	4.736851	0	0.02503119	0			
279.508	4.727639	0	0.02717657	0			
280.0966	4.717741	0	0.02962743	0			
280.6852	4.707077	0	0.03244453	0			
281.2738	4.695553	0	0.03570483	0			
281.8624	4.683061	0	0.03950718	0			
282.4963	4.66838	0	0.04435633	0			
283.1302	4.652247	0	0.05019544	0			
283.7641	4.634482	0	0.05728181	0			
284.398	4.614897	0	0.06595801	0			
285.0319	4.593038	0	0.07694912	0			
285.3489	4.581179	0	0.08354541	0			
285.6658	4.568661	0	0.09104656	0			
285.9828	4.555436	0	0.09963227	0			
286.2997	4.541479	0	0.1095167	0			
286.6166	4.52676	0	0.120981	0			
286.9335	4.511269	0	0.1343828	0			
287.2731	4.493832	0	0.1514268	0			
287.6127	4.475604	0	0.1719902	0			
287.9523	4.45676	0	0.1970764	0			
288.2919	4.437639	0	0.2280697	0			
288.6315	4.418877	0	0.2671277	0			
288.8013	4.409968	0	0.2906572	0			
288.9711	4.401654	0	0.317538	0			
289.1409	4.394237	0	0.3484293	0			
289.3107	4.38813	0	0.3841649	0			
289.4805	4.383903	0	0.425818	0			
289.6502	4.382339	0	0.474754	0			
289.8314	4.384855	0	0.5371544	0			
290.0125	4.393578	0	0.6129658	0			
290.1936	4.411376	0	0.706463	0			
290.3747	4.442668	0	0.8238273	0			
290.4653	4.465451	0	0.8942533	0			
290.5558	4.494538	0	0.9744291	0			
290.6464	4.531638	0	1.066572	0			
290.7369	4.578856	0	1.173114	0			
290.8275	4.639283	0	1.297775	0			
290.918	4.71696	0	1.445001	0			
291.0086	4.818222	0	1.621829	0			
291.0991	4.952373	0	1.83785	0			
291.1501	5.048007	0	1.982496	0			
291.201	5.162772	0	2.148159	0			
291.252	5.302798	0	2.340934	0			
291.3029	5.475375	0	2.56745	0			
291.3539	5.692115	0	2.838717	0			
291.4048	5.967311	0	3.167486	0			
291.4557	6.322235	0	3.573052	0			
291.5066	6.785483	0	4.080866	0			
291.5576	7.397073	0	4.726393	0			
291.5831	7.773772	0	5.114076	0			
291.6085	8.206078	0	5.552029	0			
291.634	8.70631	0	6.051402	0			
291.6595	9.282989	0	6.619276	0			
291.685	9.947471	0	7.265383	0			
291.7104	10.70921	0	7.99747	0			
291.7359	11.58819	0	8.833204	0			
291.7614	12.59706	0	9.782962	0			
291.7869	13.75266	0	10.86096	0			
291.8123	15.06767	0	12.07742	0			
291.8378	16.5719	0	13.4582	0			
291.8632	18.27407	0	15.00957	0			
291.8887	20.20924	0	16.76171	0			
291.9141	22.38454	0	18.71928	0			
291.9396	24.84002	0	20.91648	0			
291.9651	27.59077	0	23.36489	0			
291.9906	30.65964	0	26.08298	0			
292.016	34.05467	0	29.07602	0			
292.0415	37.82329	0	32.38393	0			
292.067	41.97165	0	36.01007	0			
292.0925	46.51599	0	39.96671	0			
292.1179	51.44903	0	44.24561	0			
292.1689	62.61016	0	53.87409	0			
292.2198	75.42202	0	64.8512	0			
292.2707	89.81929	0	77.10521	0			
292.3216	105.603	0	90.45071	0			
292.4122	136.0474	0	115.9437	0			
292.5027	167.0166	0	141.5095	0			
292.565	186.7952	0	157.58	0			
292.6272	203.8327	0	171.1623	0			
292.7064	219.7638	0	183.3832	0			
292.7488	225.0235	0	187.0974	0			
292.7912	227.7474	0	188.6444	0			
292.8	227.985	0	188.6872	0			
292.8089	228.1097	0	188.6326	0			
292.8363	227.7637	0	187.849	0			
292.8637	226.3248	0	186.1475	0			
292.9184	220.301	0	180.1238	0			
292.98	208.937	0	169.5637	0			
293.0415	193.5969	0	155.7834	0			
293.1456	161.6674	0	127.8026	0			
293.2496	127.2123	0	98.19213	0			
293.3017	110.5832	0	84.06333	0			
293.3537	95.04745	0	70.95367	0			
293.4058	80.86671	0	59.06669	0			
293.4578	68.28701	0	48.59199	0			
293.5099	57.33561	0	39.53586	0			
293.5619	48.03342	0	31.89963	0			
293.588	43.95011	0	28.56751	0			
293.614	40.25	0	25.56066	0			
293.64	36.89741	0	22.84813	0			
293.666	33.87131	0	20.41107	0			
293.6909	31.2589	0	18.31727	0			
293.7157	28.91474	0	16.44782	0			
293.7406	26.80002	0	14.77026	0			
293.7654	24.91218	0	13.2811	0			
293.7903	23.21681	0	11.95179	0			
293.8151	21.70921	0	10.77728	0			
293.8399	20.36478	0	9.737046	0			
293.8647	19.16715	0	8.817131	0			
293.8896	18.09697	0	8.001495	0			
293.9144	17.14862	0	7.284689	0			
293.9393	16.30134	0	6.649892	0			
293.9641	15.55003	0	6.092222	0			
293.989	14.87779	0	5.598126	0			
294.0138	14.28032	0	5.163494	0			
294.0634	13.26738	0	4.438365	0			
294.1131	12.44854	0	3.865579	0			
294.1628	11.78032	0	3.409358	0			
294.2125	11.22767	0	3.041251	0			
294.2621	10.76486	0	2.740459	0			
294.3118	10.37013	0	2.489927	0			
294.3615	10.02956	0	2.278601	0			
294.4112	9.732034	0	2.097839	0			
294.4608	9.469712	0	1.941553	0			
294.5507	9.063089	0	1.705177	0			
294.6406	8.724273	0	1.51383	0			
294.7305	8.436543	0	1.355493	0			
294.8204	8.188633	0	1.22228	0			
294.9103	7.972574	0	1.108749	0			
295.0002	7.782503	0	1.010975	0			
295.0901	7.613958	0	0.9260231	0			
295.18	7.46348	0	0.8516541	0			
295.3598	7.206309	0	0.7280397	0			
295.5396	6.994792	0	0.6299859	0			
295.7194	6.817969	0	0.5508038	0			
295.8992	6.668127	0	0.4858969	0			
296.0696	6.545932	0	0.4345943	0			
296.2399	6.439436	0	0.3911774	0			
296.4103	6.345757	0	0.3540581	0			
296.5806	6.262813	0	0.3220867	0			
296.751	6.188749	0	0.2942878	0			
296.9213	6.122255	0	0.269963	0			
297.2619	6.007698	0	0.2295511	0			
297.6026	5.912665	0	0.1975883	0			
297.9432	5.832742	0	0.1719138	0			
298.2839	5.764611	0	0.1509695	0			
298.6245	5.7059	0	0.1336671	0			
298.9463	5.657433	0	0.1199374	0			
299.268	5.614593	0	0.1082425	0			
299.5898	5.576461	0	0.09819985	0			
299.9115	5.542392	0	0.08953811	0			
300.2333	5.51178	0	0.0820196	0			
300.555	5.484015	0	0.07541593	0			
301.1984	5.435389	0	0.0643506	0			
301.8419	5.394419	0	0.05556751	0			
302.4854	5.359476	0	0.04849518	0			
303.1289	5.329313	0	0.04271662	0			
303.7723	5.303006	0	0.03793519	0			
304.378	5.281127	0	0.03414962	0			
304.9836	5.261584	0	0.0309202	0			
305.5892	5.24401	0	0.02814279	0			
306.1948	5.228116	0	0.02573698	0			
306.8005	5.213668	0	0.02364029	0			
307.4061	5.200561	0	0.02181953	0			
308.6173	5.177359	0	0.01877452	0			
309.8286	5.157406	0	0.01634147	0			
311.0398	5.140117	0	0.01438315	0			
312.251	5.124956	0	0.01278417	0			
313.4622	5.111525	0	0.01146233	0			
314.7492	5.098806	0	0.01029467	0			
316.0361	5.087411	0	0.009319591	0			
317.3231	5.077115	0	0.008497383	0			
318.61	5.067744	0	0.007798329	0			
319.897	5.059244	0	0.00721016	0			
321.1839	5.051393	0	0.006701983	0			
322.4709	5.04398	0	0.006245273	0			
323.7578	5.037141	0	0.005855468	0			
326.3317	5.02465	0	0.005207242	0			
328.9056	5.013509	0	0.004703122	0			
331.4795	5.003418	0	0.00430647	0			
334.0533	4.994153	0	0.003991806	0			
336.7786	4.985056	0	0.003728167	0			
339.5039	4.976532	0	0.003520788	0			
344.9545	4.960775	0	0.003237931	0			
350.4051	4.945981	0	0.003067813	0			
355.8557	4.931774	0	0.002992919	0			
361.912	4.916156	0	0.003003376	0			
367.9682	4.90025	0	0.003095915	0			
374.0244	4.883655	0	0.003269452	0			
380.0806	4.86592	0	0.003535319	0			
386.1368	4.846314	0	0.003927111	0			
389.1649	4.835765	0	0.004170676	0			
392.193	4.824284	0	0.004473731	0			
395.2211	4.812248	0	0.004813084	0			
398.2492	4.798997	0	0.005233315	0			
401.2773	4.784863	0	0.005715509	0			
404.3054	4.769149	0	0.006313132	0			
407.0307	4.753517	0	0.006967536	0			
409.756	4.736204	0	0.007762974	0			
412.4813	4.716873	0	0.008740903	0			
415.2066	4.695087	0	0.009960087	0			
416.5693	4.683225	0	0.01067161	0			
417.9319	4.670257	0	0.01150692	0			
419.2946	4.656509	0	0.01243681	0			
420.6572	4.641581	0	0.01351223	0			
422.0199	4.625659	0	0.01472046	0			
423.3825	4.608082	0	0.01616043	0			
424.7452	4.588839	0	0.01785292	0			
426.1078	4.567656	0	0.01986173	0			
427.3948	4.545561	0	0.02212677	0			
428.6817	4.521078	0	0.02484831	0			
429.9687	4.493758	0	0.0281612	0			
431.2556	4.463043	0	0.03225317	0			
432.5426	4.428212	0	0.03739328	0			
433.8295	4.388649	0	0.0438764	0			
434.473	4.366509	0	0.04786133	0			
435.1164	4.342591	0	0.05246204	0			
435.7599	4.316696	0	0.05780375	0			
436.4033	4.288575	0	0.06405422	0			
437.0847	4.256025	0	0.07191282	0			
437.766	4.220221	0	0.08139143	0			
438.4473	4.180662	0	0.09297499	0			
439.1286	4.136763	0	0.1073433	0			
439.81	4.087853	0	0.1254687	0			
440.1507	4.061313	0	0.1363343	0			
440.4913	4.033291	0	0.1486674	0			
440.832	4.00365	0	0.1627961	0			
441.1726	3.97226	0	0.179154	0			
441.5133	3.939009	0	0.1982587	0			
441.8539	3.903892	0	0.2207099	0			
442.2135	3.86481	0	0.2489538	0			
442.5731	3.823808	0	0.2831524	0			
442.9327	3.781235	0	0.3251245	0			
443.2923	3.737822	0	0.377437	0			
443.6519	3.694958	0	0.4437759	0			
443.8317	3.674469	0	0.4838202	0			
444.0115	3.655233	0	0.5296413	0			
444.1913	3.637947	0	0.5824533	0			
444.3711	3.623586	0	0.6438299	0			
444.5509	3.613513	0	0.7158203	0			
444.7306	3.609658	0	0.8010634	0			
444.9199	3.615368	0	0.9091971	0			
445.1091	3.6358	0	1.041781	0			
445.2984	3.678303	0	1.207279	0			
445.393	3.711226	0	1.305967	0			
445.4876	3.754576	0	1.418017	0			
445.5823	3.811209	0	1.546316	0			
445.6769	3.884797	0	1.694192	0			
445.7715	3.980736	0	1.866645	0			
445.8661	4.106835	0	2.070504	0			
445.9608	4.275166	0	2.315995	0			
446.0554	4.5041	0	2.617652	0			
446.15	4.824078	0	2.999144	0			
446.1973	5.032675	0	3.230713	0			
446.2446	5.284775	0	3.497671	0			
446.292	5.592345	0	3.808889	0			
446.3393	5.968425	0	4.173336	0			
446.3866	6.4317	0	4.604461	0			
446.4339	7.004874	0	5.118221	0			
446.4812	7.716175	0	5.734283	0			
446.5285	8.600334	0	6.476645	0			
446.5758	9.699593	0	7.374274	0			
446.6231	11.06467	0	8.46169	0			
446.6705	12.75956	0	9.782527	0			
446.6942	13.75133	0	10.54421	0			
446.7178	14.84722	0	11.37824	0			
446.7415	16.06689	0	12.2986	0			
446.7651	17.41099	0	13.30475	0			
446.7888	18.90251	0	14.41288	0			
446.8124	20.54095	0	15.6216	0			
446.8361	22.35289	0	16.94944	0			
446.8597	24.33613	0	18.39373	0			
446.8834	26.521	0	19.97547	0			
446.907	28.90283	0	21.6902	0			
446.9543	34.3519	0	25.58229	0			
447.0016	40.79504	0	30.14085	0			
447.0466	47.94606	0	35.15781	0			
447.0915	56.15947	0	40.87675	0			
447.1365	65.54304	0	47.36477	0			
447.1814	76.10712	0	54.621	0			
447.2264	87.92592	0	62.68832	0			
447.2713	100.9431	0	71.52012	0			
447.3163	115.1761	0	81.12012	0			
447.3612	130.4803	0	91.38249	0			
447.4653	169.418	0	117.234	0			
447.5694	210.9929	0	144.4283	0			
447.6688	249.7714	0	169.3446	0			
447.7681	283.7565	0	190.6449	0			
447.8722	310.1856	0	206.4627	0			
447.9361	320.2308	0	211.9195	0			
448	324.919	0	213.7529	0			
448.0113	325.1694	0	213.6894	0			
448.0449	324.8786	0	212.8119	0			
448.0784	323.0569	0	210.9232	0			
448.1455	314.9626	0	204.225	0			
448.2287	297.4302	0	191.0723	0			
448.3119	273.1355	0	173.6458	0			
448.4451	225.3972	0	140.4458	0			
448.5782	174.6469	0	105.9876	0			
448.6392	152.4959	0	91.15514	0			
448.7002	131.8064	0	77.41103	0			
448.7612	112.9344	0	64.97154	0			
448.8222	96.08999	0	53.9553	0			
448.8832	81.35242	0	44.39477	0			
448.9442	68.6921	0	36.25187	0			
449.0052	57.99603	0	29.43559	0			
449.0357	53.33287	0	26.48635	0			
449.0661	49.1069	0	23.8278	0			
449.0967	45.25205	0	21.4163	0			
449.1272	41.78081	0	19.25769	0			
449.1577	38.6525	0	17.32456	0			
449.1882	35.83986	0	15.59811	0			
449.2187	33.31619	0	14.06005	0			
449.2492	31.05573	0	12.6928	0			
449.2797	29.03381	0	11.47968	0			
449.3102	27.22714	0	10.40497	0			
449.3407	25.61387	0	9.454035	0			
449.3712	24.1737	0	8.613318	0			
449.4017	22.88789	0	7.870384	0			
449.4322	21.73933	0	7.213897	0			
449.4627	20.71241	0	6.633598	0			
449.4932	19.79306	0	6.120252	0			
449.5542	18.22776	0	5.2623	0			
449.6152	16.95773	0	4.584493	0			
449.6762	15.91572	0	4.043654	0			
449.7372	15.04977	0	3.606762	0			
449.7982	14.32022	0	3.248905	0			
449.8592	13.69709	0	2.951468	0			
449.9202	13.15783	0	2.700637	0			
449.9812	12.68546	0	2.486184	0			
450.0422	12.26724	0	2.300528	0			
450.1532	11.61499	0	2.019058	0			
450.2641	11.07068	0	1.791844	0			
450.375	10.60734	0	1.60408	0			
450.4859	10.20721	0	1.446268	0			
450.5968	9.857698	0	1.311875	0			
450.7077	9.549562	0	1.196209	0			
450.8186	9.275762	0	1.095771	0			
450.9295	9.030833	0	1.007893	0			
451.1514	8.610929	0	0.8618826	0			
451.3732	8.264528	0	0.7462413	0			
451.595	7.973981	0	0.652945	0			
451.8168	7.726988	0	0.5765385	0			
452.0276	7.524428	0	0.5160396	0			
452.2383	7.347391	0	0.4648829	0			
452.4491	7.191186	0	0.4211656	0			
452.6598	7.052387	0	0.3835	0			
452.8706	6.928054	0	0.3507497	0			
453.0813	6.816116	0	0.3221041	0			
453.5027	6.622668	0	0.274604	0			
453.9242	6.461507	0	0.2371348	0			
454.3456	6.325288	0	0.2070912	0			
454.7671	6.208561	0	0.1826252	0			
455.1885	6.107426	0	0.1624489	0			
455.5878	6.023265	0	0.1464289	0			
455.9871	5.948529	0	0.1328264	0			
456.3864	5.881804	0	0.1212124	0			
456.7857	5.82183	0	0.1112251	0			
457.185	5.767347	0	0.1025241	0			
457.5843	5.717505	0	0.09487953	0			
458.3828	5.629747	0	0.08221972	0			
459.1814	5.554866	0	0.0722954	0			
459.98	5.489992	0	0.06440653	0			
460.7786	5.433009	0	0.05806451	0			
461.5771	5.382345	0	0.05292328	0			
462.5532	5.327249	0	0.04790811	0			
463.5292	5.278262	0	0.04401161	0			
464.5053	5.234237	0	0.04102562	0			
465.4813	5.1934	0	0.03864033	0			
466.4574	5.155582	0	0.03684556	0			
467.4334	5.120185	0	0.03556604	0			
468.4094	5.086555	0	0.03471468	0			
469.3854	5.054339	0	0.03426307	0			
470.8939	5.006477	0	0.03432218	0			
472.4023	4.959884	0	0.0352826	0			
473.9107	4.913497	0	0.03721231	0			
475.4191	4.866323	0	0.0402726	0			
476.9275	4.817383	0	0.0447484	0			
477.6817	4.792016	0	0.04760206	0			
478.4359	4.765881	0	0.05096777	0			
479.1901	4.738704	0	0.05504452	0			
479.9443	4.71043	0	0.05991938	0			
480.6985	4.680949	0	0.06576478	0			
481.4527	4.650152	0	0.07281993	0			
482.1626	4.619899	0	0.08085322	0			
482.8724	4.588416	0	0.09060574	0			
483.5823	4.555788	0	0.1025793	0			
484.2921	4.522281	0	0.1174492	0			
485.002	4.488421	0	0.1360839	0			
485.3569	4.471666	0	0.1472581	0			
485.7118	4.455294	0	0.1600372	0			
486.0668	4.439596	0	0.1747245	0			
486.4217	4.424986	0	0.1916742	0			
486.7766	4.412017	0	0.2113662	0			
487.1315	4.401465	0	0.2344218	0			
487.4421	4.39506	0	0.2579924	0			
487.7527	4.392338	0	0.2854634	0			
488.0633	4.394674	0	0.3177447	0			
488.3738	4.40394	0	0.3560038	0			
488.6844	4.422733	0	0.4018115	0			
488.9949	4.454736	0	0.4572377	0			
489.3055	4.505485	0	0.5253238	0			
489.616	4.58334	0	0.6104151	0			
489.8601	4.671727	0	0.6933443	0			
490.1041	4.793801	0	0.795064	0			
490.3481	4.963071	0	0.9218573	0			
490.4701	5.07141	0	0.9973672	0			
490.5921	5.199978	0	1.082905	0			
490.7141	5.353203	0	1.180385	0			
490.8361	5.536781	0	1.29223	0			
490.9581	5.75815	0	1.421553	0			
491.0801	6.02724	0	1.572434	0			
491.2021	6.3576	0	1.750343	0			
491.3241	6.768278	0	1.962821	0			
491.4461	7.286946	0	2.220603	0			
491.5681	7.955277	0	2.539506	0			
491.6901	8.83824	0	2.94365	0			
491.7511	9.390576	0	3.188757	0			
491.8121	10.03986	0	3.47083	0			
491.8731	10.80938	0	3.798134	0			
491.9341	11.72875	0	4.181079	0			
491.9951	12.83544	0	4.63272	0			
492.0561	14.17651	0	5.169318	0			
492.1171	15.81047	0	5.810925	0			
492.1781	17.80917	0	6.581965	0			
492.2391	20.25952	0	7.511739	0			
492.3001	23.26472	0	8.634774	0			
492.3611	26.94482	0	9.990888	0			
492.4221	31.43609	0	11.62487	0			
492.4831	36.88877	0	13.5856	0			
492.5441	43.46289	0	15.92452	0			
492.6107	52.11313	0	18.97077	0			
492.6772	62.48123	0	22.58647	0			
492.7438	74.77482	0	26.83504	0			
492.8103	89.08425	0	31.73841	0			
492.8769	105.5067	0	37.32034	0			
492.9434	123.9491	0	43.53946	0			
493.0099	144.2707	0	50.33853	0			
493.0764	166.1715	0	57.60711	0			
493.2317	220.706	0	75.43979	0			
493.387	272.8183	0	92.03507	0			
493.454	291.949	0	97.94798	0			
493.521	307.8615	0	102.7219	0			
493.588	319.847	0	106.134	0			
493.655	327.361	0	108.0199	0			
493.7	329.7201	0	108.3802	0			
493.769	329.0337	0	107.4976	0			
493.8379	323.2358	0	104.9313	0			
493.9068	312.6667	0	100.8142	0			
493.9757	297.8958	0	95.35384	0			
494.0474	278.8731	0	88.53028	0			
494.1191	257.095	0	80.87568	0			
494.2625	209.3824	0	64.45638	0			
494.394	166.0443	0	49.83815	0			
494.4598	145.9753	0	43.15157	0			
494.5255	127.5082	0	37.04577	0			
494.5913	110.7978	0	31.56257	0			
494.657	95.98961	0	26.74073	0			
494.7228	83.03609	0	22.55601	0			
494.7885	71.89797	0	18.98743	0			
494.8513	62.80713	0	16.09963	0			
494.914	55.10156	0	13.67361	0			
494.9768	48.59845	0	11.64564	0			
495.0395	43.15822	0	9.966446	0			
495.1023	38.60887	0	8.577634	0			
495.165	34.82238	0	7.435259	0			
495.2278	31.65899	0	6.492762	0			
495.2905	29.01794	0	5.716209	0			
495.3533	26.79632	0	5.0719	0			
495.416	24.92254	0	4.536093	0			
495.4788	23.32585	0	4.086007	0			
495.5415	21.95889	0	3.706149	0			
495.6043	20.77508	0	3.381791	0			
495.667	19.74454	0	3.103286	0			
495.7298	18.83718	0	2.86131	0			
495.7925	18.03464	0	2.650003	0			
495.9121	16.73199	0	2.312889	0			
496.0316	15.66099	0	2.04162	0			
496.1512	14.76239	0	1.818504	0			
496.2707	13.99824	0	1.632278	0			
496.3903	13.33923	0	1.474487	0			
496.5098	12.76597	0	1.339527	0			
496.6293	12.26248	0	1.222905	0			
496.7488	11.81695	0	1.12132	0			
496.8684	11.4198	0	1.032145	0			
496.9879	11.06433	0	0.9535124	0			
497.2269	10.45465	0	0.8215052	0			
497.466	9.951395	0	0.7155731	0			
497.705	9.530079	0	0.6292709	0			
497.9919	9.107543	0	0.5451773	0			
498.2788	8.755351	0	0.477198	0			
498.5657	8.457668	0	0.4214158	0			
498.8525	8.202848	0	0.3750065	0			
499.1394	7.982072	0	0.3358834	0			
499.4263	7.789133	0	0.3025885	0			
499.7132	7.619294	0	0.2740306	0			
500	7.468869	0	0.2493726	0			
500.3573	7.304042	0	0.2230943	0			
500.7146	7.159999	0	0.2008136	0			
501.0719	7.033131	0	0.1817578	0			
501.4291	6.92067	0	0.165343	0			
501.7864	6.820422	0	0.151117	0			
502.1437	6.730638	0	0.1387243	0			
502.8582	6.575787	0	0.1181518	0			
503.5728	6.446518	0	0.1017939	0			
504.2873	6.337521	0	0.08864779	0			
505.0019	6.244456	0	0.07793165	0			
505.7164	6.164098	0	0.06908168	0			
506.3417	6.102263	0	0.06254077	0			
506.9669	6.047029	0	0.05690631	0			
507.5922	5.997375	0	0.05201595	0			
508.2174	5.952505	0	0.04774486	0			
509.4679	5.87455	0	0.04067478	0			
510.7183	5.809148	0	0.03510468	0			
511.9688	5.753972	0	0.03069188	0			
513.2192	5.705797	0	0.02703388	0			
514.4697	5.663749	0	0.02400838	0			
515.7201	5.62676	0	0.02148199	0			
517.0599	5.591727	0	0.01920904	0			
518.3997	5.560633	0	0.0172919	0			
519.7395	5.532827	0	0.0156592	0			
521.0792	5.507795	0	0.01425678	0			
522.419	5.485122	0	0.0130426	0			
523.7588	5.464477	0	0.01198408	0			
525.0986	5.445597	0	0.01105612	0			
526.4383	5.428574	0	0.01025943	0			
529.1179	5.397598	0	0.008875286	0			
531.7974	5.370881	0	0.007767487	0			
534.4769	5.347561	0	0.006866677	0			
537.1564	5.326992	0	0.006123662	0			
539.836	5.308679	0	0.005503016	0			
542.5155	5.292243	0	0.00497879	0			
545.1951	5.277381	0	0.004531548	0			
547.8746	5.263857	0	0.004146642	0			
550.5542	5.251478	0	0.003812771	0			
553.2337	5.240091	0	0.003521192	0			
555.9132	5.229566	0	0.003264978	0			
558.5927	5.219976	0	0.003045219	0			
563.9518	5.202295	0	0.002661898	0			
569.3109	5.186764	0	0.002355211	0			
574.67	5.172962	0	0.002106287	0			
580.029	5.160572	0	0.001901824	0			
585.7454	5.148623	0	0.001721479	0			
591.4618	5.137748	0	0.001571676	0			
597.1782	5.127765	0	0.001446222	0			
602.8945	5.118529	0	0.001340477	0			
608.6109	5.109923	0	0.001250907	0			
614.3272	5.101855	0	0.001174966	0			
625.7599	5.086996	0	0.001055191	0			
637.1926	5.073431	0	9.69E-04	0			
648.6253	5.060779	0	9.09E-04	0			
660.058	5.048731	0	8.70E-04	0			
671.4907	5.037026	0	8.49E-04	0			
682.9234	5.025425	0	8.46E-04	0			
694.3562	5.013698	0	8.59E-04	0			
705.7889	5.001602	0	8.91E-04	0			
717.2216	4.988867	0	9.44E-04	0			
728.6543	4.975169	0	0.001022406	0			
740.087	4.960114	0	0.001133385	0			
745.8034	4.951916	0	0.001204489	0			
751.5197	4.943152	0	0.001288845	0			
757.2361	4.933729	0	0.00138888	0			
762.9524	4.923524	0	0.001507969	0			
768.6688	4.91239	0	0.001650526	0			
774.3851	4.900141	0	0.001822395	0			
779.7442	4.887436	0	0.002017268	0			
785.1033	4.873289	0	0.002254189	0			
790.4624	4.857393	0	0.002545347	0			
795.8215	4.839355	0	0.002907699	0			
798.5011	4.829595	0	0.00311479	0			
801.1806	4.818926	0	0.003355106	0			
803.8602	4.807427	0	0.003627363	0			
806.5397	4.794989	0	0.003937378	0			
809.2193	4.781482	0	0.00429247	0			
811.8988	4.76675	0	0.00470179	0			
814.5783	4.750606	0	0.005177026	0			
817.2578	4.732821	0	0.005733191	0			
820.116	4.71173	0	0.006437693	0			
822.9742	4.688049	0	0.007287527	0			
825.8324	4.66125	0	0.008325555	0			
828.6905	4.630657	0	0.009611686	0			
831.5487	4.595512	0	0.0112208	0			
832.9778	4.575896	0	0.01218215	0			
834.4069	4.554531	0	0.01328595	0			
835.836	4.531306	0	0.01455056	0			
837.2651	4.505966	0	0.01600873	0			
838.6942	4.478206	0	0.01770217	0			
840.1232	4.447662	0	0.0196843	0			
841.6417	4.411654	0	0.02218561	0			
843.1601	4.371348	0	0.02520384	0			
844.6785	4.325924	0	0.02889254	0			
846.1969	4.274348	0	0.03346661	0			
847.7153	4.215323	0	0.03922995	0			
848.4745	4.182682	0	0.04265461	0			
849.2337	4.147615	0	0.04653824	0			
849.9929	4.109519	0	0.05103104	0			
850.7521	4.068162	0	0.05623063	0			
851.5113	4.023208	0	0.06227602	0			
852.2705	3.974196	0	0.06936036	0			
853.0744	3.917268	0	0.07827722	0			
853.8782	3.854431	0	0.08904545	0			
854.6821	3.784785	0	0.1022216	0			
855.4859	3.707319	0	0.1185799	0			
856.2898	3.620875	0	0.1392237	0			
856.6917	3.573945	0	0.151603	0			
857.0936	3.524351	0	0.1656835	0			
857.4956	3.471893	0	0.1818343	0			
857.8975	3.416406	0	0.2005275	0			
858.2994	3.357755	0	0.222349	0			
858.7013	3.29594	0	0.248017	0			
859.1256	3.227403	0	0.2803341	0			
859.5499	3.155917	0	0.3195001	0			
859.9742	3.082367	0	0.3676155	0			
860.3984	3.00847	0	0.4276338	0			
860.6106	2.972266	0	0.4634005	0			
860.8227	2.93733	0	0.5038869	0			
861.0349	2.904442	0	0.5500234	0			
861.247	2.874749	0	0.602895	0			
861.4592	2.849766	0	0.6639999	0			
861.6713	2.831664	0	0.7351562	0			
861.8834	2.823445	0	0.8188487	0			
862.0955	2.829411	0	0.9183494	0			
862.2965	2.853802	0	1.03125	0			
862.4975	2.904429	0	1.167594	0			
862.6985	2.993325	0	1.334905	0			
862.8994	3.139783	0	1.544391	0			
862.9999	3.244267	0	1.670325	0			
863.1004	3.377498	0	1.814494	0			
863.2009	3.548333	0	1.981328	0			
863.3013	3.769032	0	2.176654	0			
863.4018	4.057887	0	2.409208	0			
863.5023	4.440382	0	2.69047	0			
863.5526	4.677976	0	2.854412	0			
863.6028	4.953425	0	3.036765	0			
863.653	5.274267	0	3.240897	0			
863.7032	5.648948	0	3.470405	0			
863.7563	6.115	0	3.745484	0			
863.8093	6.665419	0	4.058926	0			
863.8624	7.31888	0	4.418785	0			
863.9154	8.092399	0	4.831706	0			
863.9685	9.011706	0	5.308533	0			
864.0215	10.09972	0	5.858127	0			
864.0745	11.38831	0	6.493458	0			
864.1275	12.91196	0	7.228242	0			
864.1806	14.71329	0	8.079554	0			
864.2336	16.82898	0	9.061214	0			
864.2867	19.31516	0	10.19561	0			
864.3397	22.21473	0	11.49858	0			
864.3928	25.59494	0	12.99651	0			
864.4458	29.50242	0	14.70617	0			
864.4988	34.00465	0	16.65317	0			
864.5518	39.1643	0	18.86057	0			
864.6132	46.04548	0	21.773	0			
864.6746	53.98506	0	25.09786	0			
864.736	63.06713	0	28.86384	0			
864.7974	73.36216	0	33.09356	0			
864.8588	84.92139	0	37.80141	0			
864.9202	97.77114	0	42.99139	0			
864.9816	111.907	0	48.65498	0			
865.0429	127.2627	0	54.75891	0			
865.1434	154.8953	0	65.62919	0			
865.2439	185.0206	0	77.32567	0			
865.4449	248.6922	0	101.5098	0			
865.5677	286.0448	0	115.2845	0			
865.6905	318.7361	0	126.9456	0			
865.8166	344.5081	0	135.6161	0			
865.9426	359.9346	0	140.0659	0			
866	363.0976	0	140.5515	0			
866.0192	363.5944	0	140.4931	0			
866.0735	363.4676	0	139.7303	0			
866.1277	361.102	0	138.1025	0			
866.2361	349.9414	0	132.396	0			
866.3766	324.2213	0	120.8101	0			
866.517	288.9946	0	105.839	0			
866.7649	216.2007	0	76.19112	0			
866.8889	180.2565	0	61.96117	0			
867.0128	147.3617	0	49.14509	0			
867.1203	122.1946	0	39.48049	0			
867.174	110.9328	0	35.19993	0			
867.2277	100.5668	0	31.28707	0			
867.2814	91.09095	0	27.73565	0			
867.3351	82.48458	0	24.53392	0			
867.3888	74.71483	0	21.66571	0			
867.4425	67.73921	0	19.11149	0			
867.4963	61.49731	0	16.84547	0			
867.55	55.9581	0	14.85278	0			
867.6037	51.05261	0	13.10506	0			
867.6574	46.72333	0	11.57846	0			
867.7111	42.91349	0	10.24974	0			
867.7648	39.5682	0	9.096693	0			
867.8185	36.63537	0	8.098438	0			
867.8722	34.06636	0	7.235656	0			
867.9177	32.14098	0	6.597486	0			
867.9631	30.42315	0	6.035276	0			
868.0086	28.88249	0	5.537689	0			
868.054	27.50512	0	5.098939	0			
868.1449	25.15464	0	4.365985	0			
868.2358	23.24481	0	3.788208	0			
868.3267	21.6757	0	3.328137	0			
868.4176	20.36996	0	2.957182	0			
868.5085	19.26861	0	2.65384	0			
868.5994	18.32704	0	2.402116	0			
868.6903	17.51169	0	2.190182	0			
868.7812	16.79736	0	2.00931	0			
868.8721	16.16502	0	1.853046	0			
868.963	15.60022	0	1.716578	0			
869.1448	14.63118	0	1.48941	0			
869.3265	13.82744	0	1.307864	0			
869.5083	13.14754	0	1.159377	0			
869.6901	12.56436	0	1.035934	0			
869.8719	12.05825	0	0.931912	0			
870.0537	11.61469	0	0.8432641	0			
870.2355	11.22271	0	0.7669969	0			
870.4173	10.87383	0	0.7008429	0			
870.5991	10.56136	0	0.6430507	0			
870.7809	10.27994	0	0.5922442	0			
871.1445	9.793665	0	0.5074095	0			
871.5081	9.388577	0	0.4398206	0			
871.8717	9.04627	0	0.3850805	0			
872.2352	8.753545	0	0.3401313	0			
872.5823	8.51104	0	0.3042829	0			
872.9294	8.297867	0	0.2738663	0			
873.2765	8.108859	0	0.2477927	0			
873.6235	7.940158	0	0.2252621	0			
873.9706	7.788667	0	0.2056556	0			
874.3176	7.652057	0	0.188508	0			
874.6647	7.528231	0	0.1734214	0			
875.0117	7.415569	0	0.1600867	0			
875.7058	7.218144	0	0.1376609	0			
876.3999	7.050915	0	0.1196506	0			
877.094	6.907494	0	0.1049652	0			
877.7881	6.783212	0	0.09283743	0			
878.4492	6.679589	0	0.08317471	0			
879.1103	6.587982	0	0.07499162	0			
879.7714	6.505912	0	0.06794144	0			
880.4324	6.43185	0	0.06180808	0			
881.0935	6.364872	0	0.05646088	0			
881.7546	6.304087	0	0.05177922	0			
883.0767	6.197977	0	0.04400942	0			
884.3989	6.10845	0	0.03786687	0			
885.721	6.031918	0	0.0329273	0			
887.0431	5.965741	0	0.02889537	0			
888.3652	5.907952	0	0.02556154	0			
889.8196	5.852293	0	0.02251994	0			
891.2739	5.803604	0	0.02000184	0			
892.7283	5.760926	0	0.01791322	0			
894.1826	5.722235	0	0.0160955	0			
895.637	5.687591	0	0.01454414	0			
897.0913	5.656494	0	0.01322017	0			
897.4549	5.649199	0	0.01298409	0			
897.6367	5.645777	0	0.01301028	0			
897.8185	5.642791	0	0.01337686	0			
897.9094	5.641627	0	0.0138328	0			
898.0003	5.640842	0	0.01461092	0			
898.0912	5.640626	0	0.01587868	0			
898.1367	5.640813	0	0.01676834	0			
898.1821	5.64125	0	0.01787413	0			
898.2276	5.64199	0	0.01924517	0			
898.273	5.643087	0	0.02092673	0			
898.3185	5.644614	0	0.0229855	0			
898.3639	5.64664	0	0.02548015	0			
898.4094	5.649263	0	0.02849882	0			
898.4548	5.652569	0	0.03211507	0			
898.5002	5.656674	0	0.03643189	0			
898.5456	5.661699	0	0.04155699	0			
898.5911	5.667794	0	0.04762339	0			
898.6365	5.675081	0	0.05473417	0			
898.682	5.68375	0	0.06306149	0			
898.7274	5.693935	0	0.07271932	0			
898.7729	5.705863	0	0.08391053	0			
898.8183	5.719672	0	0.09675392	0			
898.8638	5.735623	0	0.1114811	0			
898.9092	5.753849	0	0.1282066	0			
898.9547	5.774638	0	0.1471859	0			
899.0001	5.798104	0	0.1685168	0			
899.0456	5.824553	0	0.1924716	0			
899.091	5.854065	0	0.2191157	0			
899.1365	5.886952	0	0.2487279	0			
899.1819	5.923237	0	0.2813245	0			
899.2274	5.963228	0	0.3171781	0			
899.2728	6.00687	0	0.356238	0			
899.3637	6.105818	0	0.444602	0			
899.4546	6.220405	0	0.546697	0			
899.5455	6.350322	0	0.6622423	0			
899.6364	6.494549	0	0.7903344	0			
899.8182	6.818279	0	1.07739	0			
899.9999	7.169925	0	1.388736	0			
900.0001	7.170318	0	1.389083	0			
900.0978	7.361347	0	1.55808	0			
900.1955	7.547914	0	1.723056	0			
900.3908	7.891289	0	2.026528	0			
900.5861	8.175405	0	2.277487	0			
900.7814	8.389194	0	2.466246	0			
900.9767	8.535473	0	2.595353	0			
901.172	8.626447	0	2.675619	0			
901.5626	8.704102	0	2.744095	0			
903.1251	8.721562	0	2.759331	0			
906.2501	8.714398	0	2.752681	0			
912.5001	8.700069	0	2.73938	0			
925.0001	8.67141	0	2.712778	0			
950.0001	8.614092	0	2.659575	0			
1000	8.499612	0	2.553316	0			
1125	8.286008	0	2.357142	0			
1250	8.107846	0	2.194526	0			
1500	7.822781	0	1.936954	0			
1700	7.643887	0	1.786771	0			
2000	7.430748	0	1.61006	0			
2250	7.290225	0	1.501502	0			
2500	7.170915	0	1.41064	0			
3000	6.984705	0	1.269579	0			
3500	6.844243	0	1.16941	0			
4000	6.734438	0	1.090542	0			
5000	6.574084	0	0.9754331	0			
6000	6.463082	0	0.8943518	0			
7000	6.382591	0	0.8335857	0			
8000	6.32207	0	0.7834274	0			
10000	6.23937	0	0.7074517	0			
12500	6.178111	0	0.6393489	0			
15000	6.143015	0	0.5831408	0			
17000	6.126281	0	0.5494164	0			
20000	6.113004	0	0.5055925	0			
22500	6.110056	0	0.4731082	0			
25000	6.109326	0	0.4458224	0			
30000	6.117817	0	0.4023448	0			
35000	6.132208	0	0.3682828	0			
40000	6.149474	0	0.3400137	0			
45000	6.168368	0	0.3168401	0			
50000	6.186869	0	0.2974528	0			
60000	6.22361	0	0.2671493	0			
70000	6.257638	0	0.2443089	0			
80000	6.288243	0	0.2265382	0			
89999.95	6.314715	0	0.2128792	0			
99999.9	6.343317	0	0.2013794	0			
100000.1	6.343414	0	0.2013797	0			
100049	6.347397	0	0.2013615	0			
100097.8	6.347367	0	0.2013261	0			
100195.5	6.347307	0	0.2012553	0			
100390.8	6.347188	0	0.2011139	0			
100781.4	6.346948	0	0.2008309	0			
101562.6	6.34647	0	0.2002649	0			
103125.1	6.345513	0	0.1991329	0			
106250.1	6.343599	0	0.196869001	0			
112500.1	6.339772	0	0.192341101	0			
125000.1	6.332117	0	0.183285803	0			
150000	6.320824	0	0.169703905	0			
200000	6.318307	0	0.15637651	0			
250000	6.325792	0	0.150322315	0			
300000	6.337781	0	0.14783142	0			
500000	6.39112	0	0.15319024	0			
501666	6.391456	0	0.153284841	0			
501859.7	6.39147	0	0.153226241	0			
502053.4	6.391483	0	0.153165541	0			
502440.8	6.391509	0	0.153044041	0			
503215.5	6.391561	0	0.152800941	0			
504765	6.391666	0	0.152314941	0			
507864	6.391874	0	0.151342842	0			
514061.9	6.392352	0	0.149444843	0			
526457.8	6.3935	0	0.145799245	0			
551249.5	6.396461	0	0.139038649	0			
576041.3	6.400078	0	0.132815554	0			
600833	6.404297	0	0.127101059	0			
613228.9	6.406583	0	0.124394762	0			
619426.9	6.407446	0	0.122868563	0			
620976.4	6.407386	0	0.122315463	0			
622525.9	6.407326	0	0.121762364	0			
625624.8	6.407205	0	0.120656164	0			
638020.7	6.406877	0	0.116385767	0			
650416.5	6.406854	0	0.112422071	0			
700000	6.408363	0	0.098207895	0			
725000	6.406515	0	0.096008033	0			
731250	6.405656	0	0.095578985	0			
737500	6.404816	0	0.095156667	0			
750000	6.403195	0	0.094333022	0			
800000	6.397197	0	0.091209413	0			
850000	6.384275	0	0.090079768	0			
900000	6.372406	0	0.089027928	0			
947580	6.353877	0	0.088923092	0			
995160	6.336547	0	0.088819942	0			
995164.8	6.336545	0	0.088818782	0			
995169.5	6.336543	0	0.088817452	0			
995174.3	6.336541	0	0.088815932	0			
995179	6.336539	0	0.088814292	0			
995188.5	6.336535	0	0.088810622	0			
995197.9	6.336531	0	0.088806693	0			
995235.7	6.336515	0	0.088790043	0			
995311.3	6.336482	0	0.088756483	0			
995462.5	6.336416	0	0.088689353	0			
995765	6.336283	0	0.088555053	0			
996370	6.336019	0	0.088286454	0			
997580	6.33549	0	0.087749255	0			
1000000	6.334429	0	0.086678297	0			
1005372	6.330716	0	0.086490312	0			
1010743	6.327001	0	0.086305807	0			
1021485	6.319671	0	0.085941086	0			
1042969	6.305372	0	0.085227077	0			
1085938	6.278187	0	0.083859773	0			
1171875	6.22876	0	0.081338318	0			
1250000	6.188801	0	0.079262426	0			
1291340	6.158567	0	0.079641235	0			
1291475	6.15845	0	0.079639245	0			
1291610	6.158332	0	0.079637006	0			
1291879	6.158096	0	0.079632546	0			
1292418	6.157624	0	0.079623608	0			
1293495	6.156681	0	0.07960574	0			
1295650	6.154794	0	0.079569995	0			
1299959	6.15102	0	0.079498516	0			
1308578	6.143473	0	0.079355546	0			
1325815	6.128746	0	0.079074369	0			
1360290	6.100346	0	0.078525724	0			
1429240	6.047442	0	0.07747949	0			
1429310	6.04738	0	0.07747729	0			
1429379	6.047317	0	0.07747492	0			
1429517	6.047191	0	0.077470191	0			
1429793	6.046938	0	0.077460732	0			
1430346	6.046433	0	0.077441774	0			
1431452	6.045422	0	0.077403868	0			
1433663	6.0434	0	0.077328076	0			
1438085	6.039357	0	0.077176483	0			
1446930	6.031271	0	0.076873296	0			
1464620	6.015495	0	0.076278927	0			
1500000	5.985079	0	0.075125143	0			
1574070	5.912349	0	0.075300824	0			
1648140	5.845547	0	0.075469236	0			
1648143	5.845544	0	0.075469236	0			
1648242	5.845441	0	0.075469137	0			
1648341	5.845337	0	0.075469008	0			
1648538	5.845131	0	0.075468729	0			
1648932	5.844719	0	0.075468182	0			
1649721	5.843894	0	0.075467098	0			
1651299	5.842244	0	0.075464921	0			
1654455	5.838943	0	0.075460565	0			
1660766	5.832344	0	0.075451855	0			
1673388	5.81934	0	0.075434578	0			
1698632	5.793906	0	0.075400448	0			
1749120	5.74522	0	0.075331997	0			
1749122	5.745218	0	0.075331827	0			
1749126	5.745214	0	0.075331467	0			
1749129	5.745211	0	0.075331167	0			
1749136	5.745203	0	0.075330397	0			
1749143	5.745196	0	0.075329537	0			
1749150	5.745188	0	0.075328587	0			
1749164	5.745174	0	0.075326528	0			
1749177	5.74516	0	0.075324488	0			
1749205	5.745132	0	0.075319958	0			
1749232	5.745104	0	0.075315568	0			
1749342	5.744993	0	0.07529767	0			
1749561	5.744771	0	0.075262032	0			
1749781	5.744548	0	0.075226244	0			
1749891	5.744437	0	0.075208345	0			
1749946	5.744381	0	0.075199436	0			
1750000	5.744326	0	0.075192287	0			
1750101	5.744221	0	0.075189388	0			
1750201	5.744117	0	0.075188189	0			
1750401	5.74391	0	0.075185781	0			
1750802	5.743493	0	0.075180965	0			
1751603	5.742661	0	0.075171334	0			
1753205	5.740997	0	0.075152062	0			
1756409	5.737669	0	0.075113537	0			
1762818	5.731012	0	0.075036468	0			
1775635	5.717899	0	0.074883785	0			
1801270	5.692251	0	0.07458248	0			
1801276	5.692245	0	0.07458237	0			
1801315	5.692204	0	0.074581561	0			
1801335	5.692183	0	0.074581101	0			
1801354	5.692163	0	0.074580662	0			
1801393	5.692123	0	0.074579752	0			
1801432	5.692082	0	0.074578853	0			
1801587	5.691922	0	0.074575255	0			
1801897	5.6916	0	0.074568069	0			
1802518	5.690956	0	0.074553667	0			
1803760	5.689669	0	0.074524853	0			
1806244	5.687094	0	0.074467236	0			
1811212	5.681943	0	0.074352002	0			
1821148	5.671643	0	0.074121544	0			
1841020	5.651504	0	0.073668356	0			
1841022	5.651502	0	0.073668306	0			
1841159	5.65136	0	0.073664118	0			
1841296	5.651218	0	0.07365983	0			
1841570	5.650935	0	0.073651264	0			
1842118	5.650368	0	0.073634142	0			
1843213	5.649235	0	0.073599919	0			
1845404	5.646968	0	0.073531442	0			
1849786	5.642434	0	0.073394488	0			
1858550	5.63339	0	0.073121131	0			
1867314	5.624506	0	0.07285151	0			
1871696	5.620064	0	0.0727167	0			
1873887	5.617838	0	0.072649595	0			
1874024	5.617691	0	0.072645898	0			
1874161	5.617544	0	0.07264221	0			
1874435	5.617249	0	0.072634835	0			
1874982	5.616661	0	0.072620114	0			
1876077	5.615483	0	0.072590632	0			
1880459	5.61077	0	0.072472647	0			
1884841	5.606056	0	0.072354671	0			
1893604	5.596631	0	0.07211875	0			
1911131	5.578197	0	0.071654978	0			
1946186	5.542362	0	0.070747559	0			
1963713	5.524773	0	0.070331544	0			
1968095	5.520224	0	0.070268573	0			
1972477	5.515674	0	0.070205603	0			
1981240	5.506574	0	0.070079512	0			
1981242	5.506572	0	0.070079472	0			
1981261	5.506552	0	0.070079023	0			
1981270	5.506543	0	0.070078793	0			
1981279	5.506534	0	0.070078553	0			
1981298	5.506514	0	0.070078023	0			
1981316	5.506495	0	0.070077524	0			
1981389	5.50642	0	0.070075446	0			
1981536	5.506267	0	0.070071269	0			
1981829	5.505963	0	0.070062946	0			
1982415	5.505355	0	0.0700463	0			
1983587	5.504139	0	0.070013008	0			
1985932	5.501706	0	0.069946384	0			
1990621	5.496841	0	0.069813176	0			
1991208	5.496232	0	0.06979597	0			
1991355	5.496079	0	0.069790804	0			
1991501	5.495927	0	0.069785657	0			
1991794	5.495622	0	0.069775345	0			
1992966	5.494404	0	0.069734104	0			
1995311	5.491966	0	0.069651571	0			
2000000	5.487091	0	0.069486747	0			
2021185	5.464847	0	0.069109017	0			
2042370	5.443127	0	0.068737466	0			
2042374	5.443123	0	0.068737426	0			
2060277	5.424409	0	0.068574431	0			
2078180	5.406051	0	0.068413243	0			
2078185	5.406043	0	0.068413133	0			
2090343	5.393412	0	0.068154361	0			
2102500	5.380951	0	0.067898082	0			
2115281	5.365097	0	0.067549796	0			
2128061	5.349458	0	0.067205414	0			
2140842	5.33403	0	0.066864816	0			
2153622	5.31881	0	0.066527981	0			
2166403	5.303792	0	0.066194811	0			
2179183	5.288977	0	0.065865285	0			
2191963	5.274357	0	0.065539314	0			
2204743	5.25993	0	0.065216856	0			
2217524	5.245692	0	0.064897814	0			
2230304	5.23164	0	0.064582185	0			
2243084	5.217772	0	0.064269882	0			
2255864	5.204083	0	0.063960873	0			
2268645	5.190571	0	0.063655058	0			
2281425	5.177232	0	0.063352439	0			
2294205	5.164063	0	0.063052955	0			
2306985	5.151064	0	0.062756546	0			
2319766	5.138226	0	0.062463143	0			
2332546	5.125553	0	0.062172744	0			
2345327	5.113038	0	0.061885261	0			
2358107	5.100681	0	0.061600684	0			
2370888	5.088476	0	0.061318933	0			
2383668	5.076425	0	0.061040017	0			
2396448	5.064521	0	0.060763847	0			
2409228	5.052764	0	0.060490403	0			
2422009	5.041151	0	0.060219616	0			
2434789	5.02968	0	0.059951485	0			
2447569	5.018348	0	0.05968596	0			
2460349	5.007155	0	0.059422992	0			
2473130	4.996095	0	0.059162531	0			
2485910	4.985169	0	0.058904566	0			
2498690	4.974374	0	0.058649069	0			
2511470	4.963707	0	0.058395969	0			
2526737	4.948898	0	0.058096746	0			
2542004	4.934306	0	0.057800864	0			
2557271	4.919928	0	0.057508264	0			
2572537	4.905759	0	0.057218914	0			
2587804	4.891793	0	0.056932716	0			
2603070	4.87803	0	0.05664966	0			
2618337	4.864463	0	0.056369656	0			
2633603	4.851091	0	0.056092684	0			
2648870	4.837908	0	0.055818675	0			
2664136	4.824912	0	0.055547599	0			
2679403	4.812098	0	0.055279387	0			
2694669	4.799466	0	0.055014018	0			
2709936	4.787008	0	0.054751423	0			
2725202	4.774725	0	0.054491583	0			
2740469	4.762611	0	0.054234428	0			
2755735	4.750667	0	0.053979947	0			
2771002	4.738884	0	0.053728063	0			
2786269	4.727264	0	0.053478754	0			
2801536	4.715801	0	0.053231981	0			
2816802	4.704496	0	0.052987715	0			
2832069	4.693342	0	0.052745907	0			
2847335	4.682341	0	0.052506526	0			
2862602	4.671486	0	0.052269523	0			
2877868	4.660778	0	0.052034888	0			
2893135	4.650211	0	0.051802543	0			
2908401	4.639785	0	0.051572507	0			
2923668	4.629497	0	0.0513447	0			
2938934	4.619345	0	0.051119134	0			
2954201	4.609327	0	0.05089573	0			
2969467	4.599439	0	0.050674496	0			
2984734	4.589681	0	0.050455374	0			
3000000	4.58005	0	0.050238355	0			
3014445	4.571054	0	0.04970055	0			
3028890	4.562161	0	0.049171063	0			
3043335	4.553368	0	0.048649726	0			
3057780	4.544676	0	0.048136377	0			
3072225	4.536082	0	0.047630849	0			
3086670	4.527583	0	0.047133	0			
3101115	4.519182	0	0.046642671	0			
3115560	4.510873	0	0.046159712	0			
3130005	4.502658	0	0.045683992	0			
3144450	4.494532	0	0.045215354	0			
3158895	4.486498	0	0.044753675	0			
3173340	4.478551	0	0.044298817	0			
3187785	4.470692	0	0.04385065	0			
3202230	4.462918	0	0.043409044	0			
3216675	4.45523	0	0.042973879	0			
3231120	4.447624	0	0.042545025	0			
3255148	4.433021	0	0.041845068	0			
3279175	4.418688	0	0.04116174	0			
3303203	4.404615	0	0.040494492	0			
3327230	4.3908	0	0.039842875	0			
3351258	4.377235	0	0.039206369	0			
3375285	4.363915	0	0.038584564	0			
3399313	4.350833	0	0.037976991	0			
3423340	4.337984	0	0.03738326	0			
3447368	4.325362	0	0.036802921	0			
3471395	4.312964	0	0.036235636	0			
3495423	4.300783	0	0.035680975	0			
3519450	4.288815	0	0.035138617	0			
3543478	4.277056	0	0.034608174	0			
3567505	4.265498	0	0.034089346	0			
3591533	4.254141	0	0.033581764	0			
3615560	4.242978	0	0.033085157	0			
3639588	4.232004	0	0.032599188	0			
3663615	4.221218	0	0.032123586	0			
3687643	4.210613	0	0.031658032	0			
3711670	4.200187	0	0.031202296	0			
3735698	4.189936	0	0.03075608	0			
3759725	4.179854	0	0.030319154	0			
3783753	4.16994	0	0.029891238	0			
3807780	4.160191	0	0.029472134	0			
3831808	4.150601	0	0.029061562	0			
3855835	4.141169	0	0.028659353	0			
3879863	4.131889	0	0.028265228	0			
3903890	4.122762	0	0.027879038	0			
3927918	4.113781	0	0.027500545	0			
3951945	4.104947	0	0.027129568	0			
3975973	4.096253	0	0.026765891	0			
4000000	4.087698	0	0.026409374	0			
4015625	4.083813	0	0.026016558	0			
4031250	4.079956	0	0.02563114	0			
4046875	4.076129	0	0.025252928	0			
4062500	4.072329	0	0.024881773	0			
4078125	4.068556	0	0.024517526	0			
4093750	4.064812	0	0.024160017	0			
4109375	4.061093	0	0.023809107	0			
4125000	4.057401	0	0.023464646	0			
4140625	4.053736	0	0.023126504	0			
4156250	4.050095	0	0.022794532	0			
4171875	4.046481	0	0.022468601	0			
4187500	4.042891	0	0.022148571	0			
4203125	4.039327	0	0.021834334	0			
4218750	4.035786	0	0.021525749	0			
4234375	4.032272	0	0.021222699	0			
4250000	4.028779	0	0.020925074	0			
4265625	4.025311	0	0.020632755	0			
4281250	4.021866	0	0.020345624	0			
4296875	4.018445	0	0.020063582	0			
4312500	4.015047	0	0.019786531	0			
4328125	4.011671	0	0.019514353	0			
4343750	4.008317	0	0.01924695	0			
4359375	4.004985	0	0.018984224	0			
4375000	4.001675	0	0.018726099	0			
4390625	3.998388	0	0.018472456	0			
4406250	3.99512	0	0.01822323	0			
4421875	3.991875	0	0.017978314	0			
4437500	3.98865	0	0.017737642	0			
4453125	3.985446	0	0.017501129	0			
4468750	3.982262	0	0.01726869	0			
4484375	3.979098	0	0.01704025	0			
4500000	3.975954	0	0.016815737	0			
4515625	3.97283	0	0.016595078	0			
4531250	3.969726	0	0.01637821	0			
4546875	3.96664	0	0.016165064	0			
4562500	3.963574	0	0.015955588	0			
4578125	3.960528	0	0.015749705	0			
4593750	3.957499	0	0.015547367	0			
4609375	3.95449	0	0.015348518	0			
4625000	3.951497	0	0.015153125	0			
4640625	3.948524	0	0.014961115	0			
4656250	3.94557	0	0.014772458	0			
4671875	3.942633	0	0.014587118	0			
4687500	3.939715	0	0.014405048	0			
4703125	3.936812	0	0.014226227	0			
4718750	3.933928	0	0.014050636	0			
4734375	3.93106	0	0.013878231	0			
4750000	3.92821	0	0.013709021	0			
4765625	3.925377	0	0.01354298	0			
4781250	3.922561	0	0.013380107	0			
4796875	3.919763	0	0.013220418	0			
4812500	3.916979	0	0.013063904	0			
4828125	3.914214	0	0.012910605	0			
4843750	3.911464	0	0.012760538	0			
4859375	3.908731	0	0.01261375	0			
4875000	3.906014	0	0.012470288	0			
4890625	3.903314	0	0.01233021	0			
4906250	3.900631	0	0.012193609	0			
4921875	3.897962	0	0.012060571	0			
4937500	3.895311	0	0.011931198	0			
4953125	3.892676	0	0.011805631	0			
4968750	3.890057	0	0.011684012	0			
4984375	3.887455	0	0.011566523	0			
5000000	3.88487	0	0.011453366	0			
5029827	3.884185	0	0.011142486	0			
5059654	3.883515	0	0.010842724	0			
5089481	3.88286	0	0.010553654	0			
5119308	3.882223	0	0.010274872	0			
5149135	3.881601	0	0.01000598	0			
5178962	3.880991	0	0.00974661	0			
5208789	3.880397	0	0.009496406	0			
5238615	3.879817	0	0.009255037	0			
5268442	3.87925	0	0.009022164	0			
5298269	3.878696	0	0.008797488	0			
5328096	3.878155	0	0.008580713	0			
5357923	3.877626	0	0.008371559	0			
5387750	3.877109	0	0.008169758	0			
5417577	3.876603	0	0.007975055	0			
5447404	3.876109	0	0.007787203	0			
5477230	3.875626	0	0.007605978	0			
5509904	3.874967	0	0.00742728	0			
5542577	3.874319	0	0.007255222	0			
5575250	3.873683	0	0.007089575	0			
5607923	3.873059	0	0.006930127	0			
5640596	3.872447	0	0.006776675	0			
5673269	3.871846	0	0.006629025	0			
5705942	3.871255	0	0.006486995	0			
5738615	3.870677	0	0.006350411	0			
5771289	3.870108	0	0.006219101	0			
5803962	3.869549	0	0.006092919	0			
5836635	3.869	0	0.00597171	0			
5869308	3.868462	0	0.005855331	0			
5901981	3.867931	0	0.005743651	0			
5934654	3.867412	0	0.00563654	0			
5967327	3.866901	0	0.005533878	0			
6000000	3.866399	0	0.005435552	0			
6030047	3.869839	0	0.005340172	0			
6060093	3.873286	0	0.005247641	0			
6090139	3.87674	0	0.00515787	0			
6120185	3.8802	0	0.005070776	0			
6150232	3.883668	0	0.004986277	0			
6180278	3.887141	0	0.004904301	0			
6210324	3.890622	0	0.00482477	0			
6240370	3.894108	0	0.004747613	0			
6270417	3.8976	0	0.00467276	0			
6300463	3.901099	0	0.004600147	0			
6330509	3.904601	0	0.004529707	0			
6360555	3.908112	0	0.004461382	0			
6390602	3.911627	0	0.004395106	0			
6420648	3.915148	0	0.004330829	0			
6450694	3.918674	0	0.00426849	0			
6480740	3.922205	0	0.004208038	0			
6499180	3.924275	0	0.00417791	0			
6541580	3.929004	0	0.004109518	0			
6583980	3.933741	0	0.004043758	0			
6621828	3.937898	0	0.003987522	0			
6659675	3.942061	0	0.003933264	0			
6697523	3.946229	0	0.00388092	0			
6735370	3.950403	0	0.00383044	0			
6768449	3.953941	0	0.003795107	0			
6801528	3.957483	0	0.003760837	0			
6834607	3.961028	0	0.003727607	0			
6867685	3.964578	0	0.003695397	0			
6900764	3.968129	0	0.003664182	0			
6933843	3.971684	0	0.003633944	0			
6966922	3.975244	0	0.003604664	0			
7000000	3.978806	0	0.003576322	0			
7030207	3.984584	0	0.003554483	0			
7060414	3.990374	0	0.003533392	0			
7090621	3.996173	0	0.003513038	0			
7120828	4.001984	0	0.00349341	0			
7151035	4.007804	0	0.003474499	0			
7181242	4.013635	0	0.003456293	0			
7211449	4.019476	0	0.003438785	0			
7241655	4.025328	0	0.003421962	0			
7271862	4.031188	0	0.003405817	0			
7302069	4.037061	0	0.00339034	0			
7332276	4.042941	0	0.003375525	0			
7362483	4.048832	0	0.003361361	0			
7392690	4.054732	0	0.00334784	0			
7422897	4.060642	0	0.003334957	0			
7453104	4.066562	0	0.003322702	0			
7483310	4.072491	0	0.003311071	0			
7513418	4.07816	0	0.00330835	0			
7543525	4.083837	0	0.003306029	0			
7573633	4.089523	0	0.003304106	0			
7603740	4.095216	0	0.003302579	0			
7617490	4.097791	0	0.003303028	0			
7653988	4.104531	0	0.003305492	0			
7690485	4.111277	0	0.003308652	0			
7726983	4.118028	0	0.003312506	0			
7763480	4.124784	0	0.003317057	0			
7799978	4.131547	0	0.00332231	0			
7836475	4.138314	0	0.003328265	0			
7872973	4.145087	0	0.003334923	0			
7909470	4.151866	0	0.00334229	0			
7932103	4.15599	0	0.003348082	0			
7954735	4.160115	0	0.003354163	0			
7977368	4.164241	0	0.003360537	0			
8000000	4.168368	0	0.003367204	0			
8060660	4.180242	0	0.003382591	0			
8121320	4.192355	0	0.003401161	0			
8181980	4.204704	0	0.003422943	0			
8242640	4.217285	0	0.00344797	0			
8303300	4.230097	0	0.003476283	0			
8363960	4.243133	0	0.003507925	0			
8424620	4.256392	0	0.00354294	0			
8485280	4.269871	0	0.003581386	0			
8528318	4.279222	0	0.003618603	0			
8571355	4.288679	0	0.003657362	0			
8614393	4.298242	0	0.003697696	0			
8657430	4.307909	0	0.003739631	0			
8700468	4.317677	0	0.003783205	0			
8743505	4.32755	0	0.003828448	0			
8786543	4.337522	0	0.003875395	0			
8829580	4.347595	0	0.003924078	0			
8850883	4.351969	0	0.003949703	0			
8872185	4.356366	0	0.003975787	0			
8893488	4.360785	0	0.004002335	0			
8914790	4.365225	0	0.004029353	0			
8936093	4.369687	0	0.004056847	0			
8957395	4.374171	0	0.004084821	0			
8978698	4.378676	0	0.00411328	0			
9000000	4.383204	0	0.00414223	0			
9015214	4.385821	0	0.004163686	0			
9030427	4.388449	0	0.004185399	0			
9045641	4.391089	0	0.004207373	0			
9060854	4.393738	0	0.004229605	0			
9076068	4.3964	0	0.004252102	0			
9091281	4.399072	0	0.004274861	0			
9106495	4.401757	0	0.004297891	0			
9121708	4.404451	0	0.004321187	0			
9136922	4.407156	0	0.004344758	0			
9152135	4.409873	0	0.0043686	0			
9167349	4.412601	0	0.004392719	0			
9182562	4.415338	0	0.004417115	0			
9197776	4.418088	0	0.004441792	0			
9212989	4.420848	0	0.004466752	0			
9228202	4.423619	0	0.004491995	0			
9243415	4.4264	0	0.004517526	0			
9258629	4.429192	0	0.004543349	0			
9273842	4.431995	0	0.004569462	0			
9289056	4.434809	0	0.004595872	0			
9304269	4.437633	0	0.004622575	0			
9319483	4.440467	0	0.00464958	0			
9334696	4.443312	0	0.004676886	0			
9349910	4.446168	0	0.004704495	0			
9365123	4.449033	0	0.004732413	0			
9380337	4.45191	0	0.004760639	0			
9395550	4.454796	0	0.004789176	0			
9410764	4.457693	0	0.004818029	0			
9425977	4.460601	0	0.004847198	0			
9441191	4.463518	0	0.004876688	0			
9456404	4.466447	0	0.004906498	0			
9471617	4.469385	0	0.004936634	0			
9486830	4.472333	0	0.004967097	0			
9502867	4.47539	0	0.00500075	0			
9518904	4.478459	0	0.005034763	0			
9534941	4.481539	0	0.005069142	0			
9550977	4.484629	0	0.005103889	0			
9567014	4.487731	0	0.005139009	0			
9583050	4.490845	0	0.005174503	0			
9599087	4.493968	0	0.005210378	0			
9615123	4.497103	0	0.005246635	0			
9631160	4.500249	0	0.00528328	0			
9647196	4.503406	0	0.005320312	0			
9663233	4.506574	0	0.005357741	0			
9679269	4.509753	0	0.005395564	0			
9695306	4.512943	0	0.00543379	0			
9711342	4.516143	0	0.005472419	0			
9727379	4.519354	0	0.005511459	0			
9743415	4.522576	0	0.005550909	0			
9759452	4.525809	0	0.005590777	0			
9775489	4.529052	0	0.005631066	0			
9791526	4.532306	0	0.005671777	0			
9807562	4.535571	0	0.005712916	0			
9823599	4.538846	0	0.005754488	0			
9839635	4.542132	0	0.005796494	0			
9855672	4.545428	0	0.005838944	0			
9871708	4.548735	0	0.005881833	0			
9887745	4.552053	0	0.005925175	0			
9903781	4.555379	0	0.005968966	0			
9919818	4.558718	0	0.006013217	0			
9935854	4.562067	0	0.006057927	0			
9951891	4.565425	0	0.006103105	0			
9967927	4.568795	0	0.006148749	0			
9983964	4.572174	0	0.006194872	0			
1.00E+07	4.575564	0	0.006241469	0			
1.00E+07	4.576872	0	0.006283328	0			
1.00E+07	4.578185	0	0.00632553	0			
1.00E+07	4.579503	0	0.006368133	0			
1.01E+07	4.580826	0	0.006411086	0			
1.01E+07	4.582154	0	0.006454448	0			
1.01E+07	4.583486	0	0.006498163	0			
1.01E+07	4.584823	0	0.006542264	0			
1.01E+07	4.586165	0	0.006586755	0			
1.01E+07	4.587513	0	0.006631669	0			
1.02E+07	4.588864	0	0.00667695	0			
1.02E+07	4.59022	0	0.006722628	0			
1.02E+07	4.59158	0	0.00676871	0			
1.02E+07	4.592947	0	0.006815228	0			
1.02E+07	4.594317	0	0.006862126	0			
1.02E+07	4.595692	0	0.006909436	0			
1.02E+07	4.597073	0	0.006957163	0			
1.03E+07	4.598458	0	0.007005341	0			
1.03E+07	4.599846	0	0.00705391	0			
1.03E+07	4.601241	0	0.007102938	0			
1.03E+07	4.602639	0	0.007152364	0			
1.03E+07	4.604045	0	0.007202258	0			
1.03E+07	4.605452	0	0.007252556	0			
1.04E+07	4.606864	0	0.007303295	0			
1.04E+07	4.608282	0	0.00735448	0			
1.04E+07	4.609705	0	0.007406147	0			
1.04E+07	4.611131	0	0.007458231	0			
1.04E+07	4.612563	0	0.007510772	0			
1.04E+07	4.613998	0	0.007563773	0			
1.04E+07	4.615439	0	0.007617274	0			
1.05E+07	4.616884	0	0.007671206	0			
1.05E+07	4.618333	0	0.00772561	0			
1.05E+07	4.619787	0	0.007780491	0			
1.05E+07	4.621306	0	0.007838585	0			
1.05E+07	4.622831	0	0.007897211	0			
1.05E+07	4.62436	0	0.007956375	0			
1.06E+07	4.625895	0	0.008016042	0			
1.06E+07	4.627434	0	0.008076294	0			
1.06E+07	4.628978	0	0.008137096	0			
1.06E+07	4.630528	0	0.008198455	0			
1.06E+07	4.63208	0	0.008260336	0			
1.06E+07	4.63364	0	0.008322822	0			
1.06E+07	4.635205	0	0.008385878	0			
1.07E+07	4.636773	0	0.008449512	0			
1.07E+07	4.638346	0	0.008513686	0			
1.07E+07	4.639926	0	0.008578484	0			
1.07E+07	4.641508	0	0.008643834	0			
1.07E+07	4.643098	0	0.008709821	0			
1.07E+07	4.644691	0	0.008776367	0			
1.08E+07	4.646289	0	0.008843563	0			
1.08E+07	4.647893	0	0.008911372	0			
1.08E+07	4.649502	0	0.008979798	0			
1.08E+07	4.651115	0	0.009048803	0			
1.08E+07	4.652732	0	0.00911848	0			
1.08E+07	4.654355	0	0.009188792	0			
1.09E+07	4.655984	0	0.009259743	0			
1.09E+07	4.657615	0	0.009331296	0			
1.09E+07	4.659254	0	0.009403544	0			
1.09E+07	4.660896	0	0.009476448	0			
1.09E+07	4.662544	0	0.009550015	0			
1.09E+07	4.664195	0	0.009624205	0			
1.10E+07	4.665851	0	0.009699115	0			
1.10E+07	4.667513	0	0.009774657	0			
1.10E+07	4.669179	0	0.009850935	0			
1.10E+07	4.67085	0	0.009927855	0			
1.10E+07	4.672117	0	0.009994341	0			
1.10E+07	4.673388	0	0.010061293	0			
1.10E+07	4.674663	0	0.010128799	0			
1.11E+07	4.675942	0	0.010196778	0			
1.11E+07	4.677225	0	0.01026532	0			
1.11E+07	4.678511	0	0.010334343	0			
1.11E+07	4.6798	0	0.010403936	0			
1.11E+07	4.681094	0	0.010474019	0			
1.11E+07	4.682393	0	0.010544681	0			
1.12E+07	4.683694	0	0.010615838	0			
1.12E+07	4.685	0	0.010687585	0			
1.12E+07	4.686309	0	0.010759835	0			
1.12E+07	4.687623	0	0.010832682	0			
1.12E+07	4.68894	0	0.01090604	0			
1.12E+07	4.690261	0	0.010980005	0			
1.13E+07	4.691586	0	0.011054488	0			
1.13E+07	4.692915	0	0.01112959	0			
1.13E+07	4.694246	0	0.011205216	0			
1.13E+07	4.695583	0	0.011281471	0			
1.13E+07	4.696923	0	0.011358257	0			
1.13E+07	4.698266	0	0.011435681	0			
1.13E+07	4.699613	0	0.011513648	0			
1.14E+07	4.700965	0	0.011592261	0			
1.14E+07	4.70232	0	0.011671425	0			
1.14E+07	4.703678	0	0.011751245	0			
1.14E+07	4.70504	0	0.011831625	0			
1.14E+07	4.706407	0	0.011912674	0			
1.14E+07	4.707777	0	0.011994291	0			
1.15E+07	4.70915	0	0.012076585	0			
1.15E+07	4.710527	0	0.012159458	0			
1.15E+07	4.71191	0	0.012243021	0			
1.15E+07	4.713293	0	0.01232717	0			
1.15E+07	4.714682	0	0.012412021	0			
1.15E+07	4.716075	0	0.01249747	0			
1.15E+07	4.717471	0	0.012583632	0			
1.16E+07	4.71887	0	0.012670402	0			
1.16E+07	4.720275	0	0.012757899	0			
1.16E+07	4.721681	0	0.012846016	0			
1.16E+07	4.723092	0	0.012934875	0			
1.16E+07	4.724506	0	0.013024359	0			
1.16E+07	4.725926	0	0.013114599	0			
1.17E+07	4.727347	0	0.013205482	0			
1.17E+07	4.728773	0	0.013297137	0			
1.17E+07	4.730202	0	0.013389459	0			
1.17E+07	4.731635	0	0.013482552	0			
1.17E+07	4.733072	0	0.013576331	0			
1.17E+07	4.734512	0	0.01367091	0			
1.18E+07	4.735957	0	0.013766184	0			
1.18E+07	4.737406	0	0.013862281	0			
1.18E+07	4.738856	0	0.013959085	0			
1.18E+07	4.740313	0	0.014056744	0			
1.18E+07	4.741771	0	0.014155146	0			
1.18E+07	4.743234	0	0.01425441	0			
1.18E+07	4.7447	0	0.014354446	0			
1.19E+07	4.746171	0	0.014455388	0			
1.19E+07	4.747645	0	0.014557124	0			
1.19E+07	4.749122	0	0.014659803	0			
1.19E+07	4.750604	0	0.014763316	0			
1.19E+07	4.75209	0	0.014867828	0			
1.19E+07	4.753579	0	0.014973213	0			
1.20E+07	4.755072	0	1.51E-02	0			
1.20E+07	4.756568	0	1.52E-02	0			
1.20E+07	4.75807	0	1.53E-02	0			
1.20E+07	4.759574	0	1.54E-02	0			
1.20E+07	4.758482	0	1.55E-02	0			
1.20E+07	4.757392	0	1.56E-02	0			
1.20E+07	4.756306	0	1.57E-02	0			
1.21E+07	4.755225	0	1.58E-02	0			
1.21E+07	4.754146	0	1.59E-02	0			
1.21E+07	4.753071	0	1.60E-02	0			
1.21E+07	4.752	0	1.60E-02	0			
1.21E+07	4.750932	0	1.61E-02	0			
1.21E+07	4.749868	0	1.62E-02	0			
1.22E+07	4.748807	0	1.63E-02	0			
1.22E+07	4.747749	0	1.64E-02	0			
1.22E+07	4.746697	0	1.65E-02	0			
1.22E+07	4.745646	0	1.66E-02	0			
1.22E+07	4.7446	0	1.67E-02	0			
1.22E+07	4.743557	0	1.68E-02	0			
1.23E+07	4.742517	0	1.69E-02	0			
1.23E+07	4.741482	0	1.70E-02	0			
1.23E+07	4.74045	0	1.71E-02	0			
1.23E+07	4.73942	0	1.72E-02	0			
1.23E+07	4.738396	0	1.73E-02	0			
1.23E+07	4.737373	0	1.74E-02	0			
1.23E+07	4.736355	0	1.75E-02	0			
1.24E+07	4.73534	0	1.76E-02	0			
1.24E+07	4.734329	0	1.77E-02	0			
1.24E+07	4.733322	0	1.78E-02	0			
1.24E+07	4.732318	0	1.79E-02	0			
1.24E+07	4.731317	0	1.81E-02	0			
1.24E+07	4.730321	0	1.82E-02	0			
1.25E+07	4.729327	0	1.83E-02	0			
1.25E+07	4.728337	0	1.84E-02	0			
1.25E+07	4.727351	0	1.85E-02	0			
1.25E+07	4.726368	0	1.86E-02	0			
1.25E+07	4.725389	0	1.87E-02	0			
1.25E+07	4.724413	0	1.88E-02	0			
1.25E+07	4.723441	0	1.89E-02	0			
1.26E+07	4.722473	0	1.91E-02	0			
1.26E+07	4.721507	0	1.92E-02	0			
1.26E+07	4.720546	0	1.93E-02	0			
1.26E+07	4.719588	0	1.94E-02	0			
1.26E+07	4.718634	0	1.95E-02	0			
1.26E+07	4.717683	0	1.96E-02	0			
1.27E+07	4.716736	0	1.98E-02	0			
1.27E+07	4.715791	0	1.99E-02	0			
1.27E+07	4.714852	0	2.00E-02	0			
1.27E+07	4.713915	0	2.01E-02	0			
1.27E+07	4.712982	0	2.02E-02	0			
1.27E+07	4.712053	0	2.04E-02	0			
1.28E+07	4.711127	0	2.05E-02	0			
1.28E+07	4.710205	0	2.06E-02	0			
1.28E+07	4.709286	0	2.07E-02	0			
1.28E+07	4.70837	0	2.09E-02	0			
1.28E+07	4.70746	0	2.10E-02	0			
1.28E+07	4.706551	0	2.11E-02	0			
1.28E+07	4.705648	0	2.12E-02	0			
1.29E+07	4.704747	0	2.14E-02	0			
1.29E+07	4.703851	0	2.15E-02	0			
1.29E+07	4.702957	0	2.16E-02	0			
1.29E+07	4.702068	0	2.18E-02	0			
1.29E+07	4.701181	0	2.19E-02	0			
1.29E+07	4.700301	0	2.20E-02	0			
1.30E+07	4.69942	0	2.22E-02	0			
1.30E+07	4.698547	0	2.23E-02	0			
1.30E+07	4.697676	0	2.25E-02	0			
1.30E+07	4.696808	0	2.26E-02	0			
1.30E+07	4.695989	0	2.27E-02	0			
1.30E+07	4.695173	0	2.28E-02	0			
1.30E+07	4.694357	0	2.29E-02	0			
1.31E+07	4.693544	0	2.30E-02	0			
1.31E+07	4.692733	0	2.31E-02	0			
1.31E+07	4.691923	0	2.32E-02	0			
1.31E+07	4.691114	0	2.33E-02	0			
1.31E+07	4.690308	0	2.34E-02	0			
1.31E+07	4.689504	0	2.35E-02	0			
1.31E+07	4.688701	0	2.36E-02	0			
1.31E+07	4.6879	0	2.37E-02	0			
1.32E+07	4.687101	0	2.38E-02	0			
1.32E+07	4.686304	0	2.39E-02	0			
1.32E+07	4.685508	0	2.40E-02	0			
1.32E+07	4.684715	0	2.41E-02	0			
1.32E+07	4.683923	0	2.42E-02	0			
1.32E+07	4.683133	0	2.43E-02	0			
1.32E+07	4.682345	0	2.44E-02	0			
1.33E+07	4.681558	0	2.46E-02	0			
1.33E+07	4.680773	0	2.47E-02	0			
1.33E+07	4.679991	0	2.48E-02	0			
1.33E+07	4.67921	0	2.49E-02	0			
1.33E+07	4.67843	0	2.50E-02	0			
1.33E+07	4.677654	0	2.51E-02	0			
1.33E+07	4.676877	0	2.52E-02	0			
1.33E+07	4.676104	0	2.53E-02	0			
1.34E+07	4.675332	0	2.54E-02	0			
1.34E+07	4.674562	0	2.55E-02	0			
1.34E+07	4.673793	0	2.57E-02	0			
1.34E+07	4.673028	0	2.58E-02	0			
1.34E+07	4.672263	0	2.59E-02	0			
1.34E+07	4.671501	0	2.60E-02	0			
1.34E+07	4.670739	0	2.61E-02	0			
1.34E+07	4.669981	0	2.62E-02	0			
1.35E+07	4.669224	0	2.64E-02	0			
1.35E+07	4.668468	0	2.65E-02	0			
1.35E+07	4.667715	0	2.66E-02	0			
1.35E+07	4.666964	0	2.67E-02	0			
1.35E+07	4.666213	0	2.68E-02	0			
1.35E+07	4.665467	0	2.69E-02	0			
1.35E+07	4.66472	0	2.71E-02	0			
1.36E+07	4.663976	0	2.72E-02	0			
1.36E+07	4.663235	0	2.73E-02	0			
1.36E+07	4.662495	0	2.74E-02	0			
1.36E+07	4.661756	0	2.76E-02	0			
1.36E+07	4.66102	0	2.77E-02	0			
1.36E+07	4.660286	0	2.78E-02	0			
1.36E+07	4.659553	0	2.79E-02	0			
1.36E+07	4.658822	0	2.81E-02	0			
1.37E+07	4.658095	0	2.82E-02	0			
1.37E+07	4.657367	0	2.83E-02	0			
1.37E+07	4.656644	0	2.84E-02	0			
1.37E+07	4.655921	0	2.86E-02	0			
1.37E+07	4.6552	0	2.87E-02	0			
1.37E+07	4.654482	0	2.88E-02	0			
1.37E+07	4.653765	0	0.02896416	0			
1.38E+07	4.65305	0	0.029096233	0			
1.38E+07	4.652339	0	0.029228946	0			
1.38E+07	4.651628	0	0.029362513	0			
1.38E+07	4.650921	0	0.029496726	0			
1.38E+07	4.650213	0	0.029631824	0			
1.38E+07	4.649509	0	0.029767579	0			
1.38E+07	4.648809	0	0.02990422	0			
1.38E+07	4.648109	0	0.030041536	0			
1.39E+07	4.647011	0	0.03021601	0			
1.39E+07	4.645917	0	0.030391729	0			
1.39E+07	4.644827	0	0.030568705	0			
1.39E+07	4.643741	0	0.03074696	0			
1.39E+07	4.642659	0	0.030926505	0			
1.40E+07	4.641582	0	0.03110736	0			
1.40E+07	4.640509	0	0.031289531	0			
1.40E+07	4.639441	0	0.03147305	0			
1.40E+07	4.634915	0	0.031726368	0			
1.41E+07	4.630408	0	0.031982303	0			
1.41E+07	4.625922	0	0.032240879	0			
1.41E+07	4.621456	0	0.032502172	0			
1.42E+07	4.617011	0	0.032766201	0			
1.42E+07	4.612585	0	0.033033035	0			
1.42E+07	4.608181	0	0.033302726	0			
1.43E+07	4.603798	0	0.033575306	0			
1.43E+07	4.599435	0	0.033850849	0			
1.43E+07	4.595095	0	0.034129415	0			
1.43E+07	4.590778	0	0.034411051	0			
1.44E+07	4.586482	0	0.034695821	0			
1.44E+07	4.582211	0	0.034983798	0			
1.44E+07	4.577962	0	0.03527505	0			
1.45E+07	4.57374	0	0.035569636	0			
1.45E+07	4.569542	0	0.035867642	0			
1.45E+07	4.565245	0	0.036121227	0			
1.46E+07	4.560966	0	0.036377286	0			
1.46E+07	4.556705	0	0.036635854	0			
1.46E+07	4.552461	0	0.03689698	0			
1.47E+07	4.548238	0	0.037160702	0			
1.47E+07	4.544032	0	0.037427068	0			
1.47E+07	4.539844	0	0.037696144	0			
1.48E+07	4.535676	0	0.03796796	0			
1.48E+07	4.531526	0	0.038242569	0			
1.48E+07	4.527396	0	0.038520022	0			
1.48E+07	4.523283	0	0.038800395	0			
1.49E+07	4.51919	0	0.039083716	0			
1.49E+07	4.515117	0	0.039370068	0			
1.49E+07	4.511064	0	0.039659496	0			
1.50E+07	4.507029	0	0.039952077	0			
1.50E+07	4.503015	0	0.040247857	0			
1.50E+07	4.497655	0	0.040477668	0			
1.51E+07	4.492318	0	0.040709461	0			
1.51E+07	4.487002	0	0.040943272	0			
1.51E+07	4.48171	0	0.041179123	0			
1.52E+07	4.476439	0	0.041417063	0			
1.52E+07	4.471193	0	0.041657114	0			
1.52E+07	4.465968	0	0.041899317	0			
1.53E+07	4.460767	0	0.042143714	0			
1.53E+07	4.455586	0	0.042390331	0			
1.53E+07	4.450429	0	0.042639201	0			
1.53E+07	4.445295	0	0.042890381	0			
1.54E+07	4.440184	0	0.043143909	0			
1.54E+07	4.435095	0	0.043399811	0			
1.54E+07	4.430028	0	0.043658147	0			
1.55E+07	4.424985	0	0.043918947	0			
1.55E+07	4.419965	0	0.044182263	0			
1.55E+07	4.414968	0	0.044448137	0			
1.56E+07	4.409993	0	0.044716624	0			
1.56E+07	4.405041	0	0.044987769	0			
1.56E+07	4.400111	0	0.045261619	0			
1.57E+07	4.395206	0	0.045538231	0			
1.57E+07	4.390323	0	0.045817647	0			
1.57E+07	4.385464	0	0.046099937	0			
1.58E+07	4.380627	0	0.046385155	0			
1.58E+07	4.375813	0	0.046673345	0			
1.58E+07	4.371024	0	0.046964585	0			
1.58E+07	4.366258	0	0.047258929	0			
1.59E+07	4.361515	0	0.047556444	0			
1.59E+07	4.356796	0	0.047857186	0			
1.59E+07	4.352101	0	0.048161243	0			
1.60E+07	4.34743	0	0.048468661	0			
1.60E+07	4.342783	0	0.048779527	0			
1.60E+07	4.339805	0	0.048895593	0			
1.60E+07	4.336838	0	0.049012084	0			
1.60E+07	4.333875	0	0.049129144	0			
1.61E+07	4.330921	0	0.049246617	0			
1.61E+07	4.327973	0	0.049364678	0			
1.61E+07	4.325034	0	0.049483169	0			
1.61E+07	4.3221	0	0.049602244	0			
1.61E+07	4.319175	0	0.049721768	0			
1.61E+07	4.316255	0	0.049841873	0			
1.62E+07	4.313345	0	0.049962433	0			
1.62E+07	4.310439	0	0.050083595	0			
1.62E+07	4.307542	0	0.050205208	0			
1.62E+07	4.304651	0	0.050327441	0			
1.62E+07	4.301769	0	0.050450135	0			
1.62E+07	4.298892	0	0.050573448	0			
1.63E+07	4.296024	0	0.050697236	0			
1.63E+07	4.29316	0	0.050821652	0			
1.63E+07	4.290307	0	0.050946544	0			
1.63E+07	4.287458	0	0.051072083	0			
1.63E+07	4.284618	0	0.051198105	0			
1.63E+07	4.281783	0	0.051324784	0			
1.63E+07	4.278958	0	0.051451955	0			
1.64E+07	4.276136	0	0.051579781	0			
1.64E+07	4.273326	0	0.051708116	0			
1.64E+07	4.270519	0	0.051837129	0			
1.64E+07	4.267722	0	0.051966649	0			
1.64E+07	4.264929	0	0.052096855	0			
1.64E+07	4.262145	0	0.05222758	0			
1.65E+07	4.259367	0	0.052359	0			
1.65E+07	4.256598	0	0.052490956	0			
1.65E+07	4.253833	0	0.052623612	0			
1.65E+07	4.251078	0	0.05275681	0			
1.65E+07	4.248328	0	0.052890718	0			
1.65E+07	4.245587	0	0.05302518	0			
1.65E+07	4.24285	0	0.05316038	0			
1.66E+07	4.240123	0	0.053296127	0			
1.66E+07	4.2374	0	0.053432624	0			
1.66E+07	4.234688	0	0.053569684	0			
1.66E+07	4.231979	0	0.053707498	0			
1.66E+07	4.22928	0	0.053845897	0			
1.66E+07	4.226586	0	0.053985057	0			
1.67E+07	4.223901	0	0.054124814	0			
1.67E+07	4.22122	0	0.054265346	0			
1.67E+07	4.21855	0	0.054406476	0			
1.67E+07	4.215884	0	0.054548402	0			
1.67E+07	4.213227	0	0.054690937	0			
1.67E+07	4.210575	0	0.054834272	0			
1.68E+07	4.207932	0	0.054978244	0			
1.68E+07	4.205293	0	0.05512302	0			
1.68E+07	4.202664	0	0.055268447	0			
1.68E+07	4.20004	0	0.05541469	0			
1.68E+07	4.197426	0	0.055561597	0			
1.68E+07	4.194815	0	0.055709342	0			
1.68E+07	4.192215	0	0.055857742	0			
1.69E+07	4.189619	0	0.056007015	0			
1.69E+07	4.187032	0	0.056156956	0			
1.69E+07	4.18445	0	0.056307764	0			
1.69E+07	4.181878	0	0.056459273	0			
1.69E+07	4.179309	0	0.056611664	0			
1.69E+07	4.176752	0	0.056764756	0			
1.70E+07	4.174198	0	0.056918747	0			
1.70E+07	4.171654	0	0.057073464	0			
1.70E+07	4.169114	0	0.057229093	0			
1.70E+07	4.166584	0	0.057385452	0			
1.70E+07	4.163754	0	0.057523459	0			
1.70E+07	4.160933	0	0.05766214	0			
1.71E+07	4.158119	0	0.057801489	0			
1.71E+07	4.155312	0	0.057941534	0			
1.71E+07	4.152514	0	0.058082258	0			
1.71E+07	4.149724	0	0.058223678	0			
1.71E+07	4.14694	0	0.058365809	0			
1.71E+07	4.144164	0	0.058508636	0			
1.71E+07	4.141875	0	0.058605885	0			
1.72E+07	4.139591	0	0.0587035	0			
1.72E+07	4.137311	0	0.05880149	0			
1.72E+07	4.135034	0	0.058899851	0			
1.72E+07	4.132764	0	0.058998588	0			
1.72E+07	4.130499	0	0.059097693	0			
1.72E+07	4.128237	0	0.05919719	0			
1.72E+07	4.125982	0	0.059296985	0			
1.73E+07	4.12373	0	0.059397248	0			
1.73E+07	4.121482	0	0.05949789	0			
1.73E+07	4.11924	0	0.059598921	0			
1.73E+07	4.117001	0	0.059700345	0			
1.73E+07	4.114768	0	0.059802164	0			
1.73E+07	4.112539	0	0.059904378	0			
1.73E+07	4.110315	0	0.060006994	0			
1.74E+07	4.108098	0	0.060109936	0			
1.74E+07	4.105883	0	0.060213357	0			
1.74E+07	4.103673	0	0.060317187	0			
1.74E+07	4.101467	0	0.060421415	0			
1.74E+07	4.099267	0	0.060526067	0			
1.74E+07	4.09707	0	0.060631134	0			
1.74E+07	4.094879	0	0.060736608	0			
1.74E+07	4.092691	0	0.060842512	0			
1.75E+07	4.090511	0	0.060948751	0			
1.75E+07	4.088334	0	0.061055503	0			
1.75E+07	4.08616	0	0.061162673	0			
1.75E+07	4.083993	0	0.061270284	0			
1.75E+07	4.081829	0	0.06137832	0			
1.75E+07	4.079669	0	0.061486802	0			
1.75E+07	4.077514	0	0.061595712	0			
1.76E+07	4.075365	0	0.061705076	0			
1.76E+07	4.073221	0	0.061814792	0			
1.76E+07	4.071081	0	0.061925047	0			
1.76E+07	4.068945	0	0.062035744	0			
1.76E+07	4.066814	0	0.062146902	0			
1.76E+07	4.064686	0	0.062258506	0			
1.76E+07	4.062564	0	0.062370583	0			
1.76E+07	4.060448	0	0.062483109	0			
1.77E+07	4.058335	0	0.062596112	0			
1.77E+07	4.056228	0	0.062709489	0			
1.77E+07	4.054125	0	0.06282343	0			
1.77E+07	4.052026	0	0.062937846	0			
1.77E+07	4.049931	0	0.063052739	0			
1.77E+07	4.047841	0	0.063168103	0			
1.77E+07	4.045757	0	0.063283961	0			
1.78E+07	4.043676	0	0.063400305	0			
1.78E+07	4.0416	0	0.063517139	0			
1.78E+07	4.039531	0	0.063634382	0			
1.78E+07	4.037464	0	0.063752206	0			
1.78E+07	4.035403	0	0.063870528	0			
1.78E+07	4.033345	0	0.063989367	0			
1.78E+07	4.031293	0	0.064108699	0			
1.79E+07	4.029245	0	0.064228542	0			
1.79E+07	4.027201	0	0.064348913	0			
1.79E+07	4.025162	0	0.064469788	0			
1.79E+07	4.02313	0	0.06459109	0			
1.79E+07	4.0211	0	0.064713022	0			
1.79E+07	4.019075	0	0.064835468	0			
1.79E+07	4.017056	0	0.064958451	0			
1.79E+07	4.01504	0	0.065081973	0			
1.80E+07	4.013029	0	0.065206035	0			
1.80E+07	4.011022	0	0.065330629	0			
1.80E+07	4.009021	0	0.065455777	0			
1.80E+07	4.007025	0	0.065581382	0			
1.80E+07	4.004903	0	0.065643685	0			
1.80E+07	4.002122	0	0.06574923	0			
1.80E+07	3.999347	0	0.065855231	0			
1.81E+07	3.996579	0	0.065961696	0			
1.81E+07	3.99382	0	0.066068558	0			
1.81E+07	3.991066	0	0.066175961	0			
1.81E+07	3.988321	0	0.06628377	0			
1.81E+07	3.985581	0	0.066392112	0			
1.81E+07	3.982848	0	0.066500864	0			
1.82E+07	3.980122	0	0.066610183	0			
1.82E+07	3.977402	0	0.066719986	0			
1.82E+07	3.97469	0	0.066830267	0			
1.82E+07	3.971985	0	0.066940961	0			
1.82E+07	3.969285	0	0.067052227	0			
1.82E+07	3.966595	0	0.067163911	0			
1.82E+07	3.963909	0	0.067276181	0			
1.83E+07	3.961233	0	0.067388868	0			
1.83E+07	3.958561	0	0.067502144	0			
1.83E+07	3.955896	0	0.067615915	0			
1.83E+07	3.953237	0	0.067730216	0			
1.83E+07	3.950587	0	0.067844949	0			
1.83E+07	3.947942	0	0.067960278	0			
1.84E+07	3.945305	0	0.068076054	0			
1.84E+07	3.942674	0	0.068192426	0			
1.84E+07	3.940051	0	0.06830926	0			
1.84E+07	3.937434	0	0.068426693	0			
1.84E+07	3.934823	0	0.0685446	0			
1.84E+07	3.932219	0	0.068663112	0			
1.84E+07	3.929622	0	0.068782088	0			
1.85E+07	3.927032	0	0.068901681	0			
1.85E+07	3.92445	0	0.069021764	0			
1.85E+07	3.921872	0	0.069142478	0			
1.85E+07	3.919303	0	0.069263653	0			
1.85E+07	3.916739	0	0.069385473	0			
1.85E+07	3.914181	0	0.069507863	0			
1.86E+07	3.911631	0	0.069630814	0			
1.86E+07	3.909088	0	0.069754264	0			
1.86E+07	3.90655	0	0.069878356	0			
1.86E+07	3.904022	0	0.070002956	0			
1.86E+07	3.901497	0	0.070128215	0			
1.86E+07	3.898981	0	0.070253986	0			
1.86E+07	3.896471	0	0.070380417	0			
1.87E+07	3.893967	0	0.070507451	0			
1.87E+07	3.891469	0	0.070635071	0			
1.87E+07	3.88898	0	0.070763213	0			
1.87E+07	3.886496	0	0.070892052	0			
1.87E+07	3.884019	0	0.071021404	0			
1.87E+07	3.881549	0	0.071151468	0			
1.88E+07	3.879086	0	0.071282048	0			
1.88E+07	3.876629	0	0.071413354	0			
1.88E+07	3.874178	0	0.071545269	0			
1.88E+07	3.871734	0	0.071677824	0			
1.88E+07	3.869298	0	0.071810905	0			
1.88E+07	3.866867	0	0.071944729	0			
1.88E+07	3.864444	0	0.072079102	0			
1.89E+07	3.862026	0	0.072214212	0			
1.89E+07	3.859617	0	0.072349885	0			
1.89E+07	3.857214	0	0.072486298	0			
1.89E+07	3.854817	0	0.07262328	0			
1.89E+07	3.852427	0	0.072761006	0			
1.89E+07	3.850043	0	0.072899324	0			
1.90E+07	3.847665	0	0.073038401	0			
1.90E+07	3.845297	0	0.073178054	0			
1.90E+07	3.842934	0	0.073318483	0			
1.90E+07	3.840578	0	0.073459509	0			
1.90E+07	3.83545	0	0.073654211	0			
1.91E+07	3.830348	0	0.073850623	0			
1.91E+07	3.825271	0	0.074048783	0			
1.91E+07	3.820219	0	0.074248702	0			
1.92E+07	3.815191	0	0.074450398	0			
1.92E+07	3.81019	0	0.074653892	0			
1.92E+07	3.805214	0	0.074859204	0			
1.93E+07	3.800263	0	0.075066353	0			
1.93E+07	3.795337	0	0.07527535	0			
1.93E+07	3.790436	0	0.075486226	0			
1.93E+07	3.78556	0	0.07569901	0			
1.94E+07	3.78071	0	0.075913704	0			
1.94E+07	3.775883	0	0.076130339	0			
1.94E+07	3.771083	0	0.076348934	0			
1.95E+07	3.766308	0	0.076569514	0			
1.95E+07	3.761557	0	0.076792087	0			
1.95E+07	3.756832	0	0.077016707	0			
1.96E+07	3.752133	0	0.077243356	0			
1.96E+07	3.747459	0	0.077472084	0			
1.96E+07	3.742811	0	0.077702896	0			
1.97E+07	3.738186	0	0.077935841	0			
1.97E+07	3.733588	0	0.078170926	0			
1.97E+07	3.729017	0	0.07840816	0			
1.98E+07	3.72447	0	0.078647598	0			
1.98E+07	3.719951	0	0.078889244	0			
1.98E+07	3.715457	0	0.079133132	0			
1.98E+07	3.71099	0	0.079379294	0			
1.99E+07	3.706551	0	0.079627726	0			
1.99E+07	3.702137	0	0.079878481	0			
1.99E+07	3.697752	0	0.080131584	0			
2.00E+07	3.693394	0	0.080387049	0			
2.00E+07	3.689065	0	0.080644914	0			
