
================
== Problem 6a==
================
Number of histories: 100000
Track time: 508742


Estimator report: Detector left
===============================
Total tallies,
  Flux:
  -> Mean     = 6.143727e-04  +/-  1.095819e-04  (1.783638e+01%)
  -> Variance = 1.200819e-03
  [F.O.M.: 6.178582e-05]


  Scat. Rate:
  -> Mean     = 1.000700e-04  +/-  1.787811e-05  (1.786560e+01%)
  -> Variance = 3.196268e-05
  [F.O.M.: 6.158390e-05]


Bin tallies,
bin#	lower(sec)	upper(sec)	Flux        	_uncertainty	Scat. Rate  	_uncertainty	
----	------------	------------	------------	------------	------------	------------	
1	0.000000e+00	5.000000e-09	0.000000e+00	0.000000e+00	0.000000e+00	0.000000e+00	
2	5.000000e-09	1.000000e-08	0.000000e+00	0.000000e+00	0.000000e+00	0.000000e+00	
3	1.000000e-08	1.500000e-08	0.000000e+00	0.000000e+00	0.000000e+00	0.000000e+00	
4	1.500000e-08	2.000000e-08	4.152346e-04	9.160761e-05	6.468469e-05	1.439198e-05	
5	2.000000e-08	2.500000e-08	1.061883e-04	3.988056e-05	1.739272e-05	6.526993e-06	
6	2.500000e-08	3.000000e-08	4.103382e-05	2.285806e-05	7.249819e-06	4.038281e-06	
7	3.000000e-08	3.500000e-08	3.549377e-05	2.477727e-05	7.022151e-06	4.821194e-06	
8	3.500000e-08	4.000000e-08	0.000000e+00	0.000000e+00	0.000000e+00	0.000000e+00	
9	4.000000e-08	4.500000e-08	0.000000e+00	0.000000e+00	0.000000e+00	0.000000e+00	
10	4.500000e-08	5.000000e-08	1.642219e-05	1.642219e-05	3.720643e-06	3.720643e-06	
11	5.000000e-08	5.500000e-08	0.000000e+00	0.000000e+00	0.000000e+00	0.000000e+00	
12	5.500000e-08	6.000000e-08	0.000000e+00	0.000000e+00	0.000000e+00	0.000000e+00	
13	6.000000e-08	6.500000e-08	0.000000e+00	0.000000e+00	0.000000e+00	0.000000e+00	
14	6.500000e-08	7.000000e-08	0.000000e+00	0.000000e+00	0.000000e+00	0.000000e+00	
15	7.000000e-08	7.500000e-08	0.000000e+00	0.000000e+00	0.000000e+00	0.000000e+00	
16	7.500000e-08	8.000000e-08	0.000000e+00	0.000000e+00	0.000000e+00	0.000000e+00	
17	8.000000e-08	8.500000e-08	0.000000e+00	0.000000e+00	0.000000e+00	0.000000e+00	
18	8.500000e-08	9.000000e-08	0.000000e+00	0.000000e+00	0.000000e+00	0.000000e+00	
19	9.000000e-08	9.500000e-08	0.000000e+00	0.000000e+00	0.000000e+00	0.000000e+00	
20	9.500000e-08	1.000000e-07	0.000000e+00	0.000000e+00	0.000000e+00	0.000000e+00	


Estimator report: Detector right
================================
Total tallies,
  Flux:
  -> Mean     = 3.623533e-04  +/-  7.537570e-05  (2.080172e+01%)
  -> Variance = 5.681496e-04
  [F.O.M.: 4.542595e-05]


  Scat. Rate:
  -> Mean     = 6.875386e-05  +/-  1.467695e-05  (2.134709e+01%)
  -> Variance = 2.154128e-05
  [F.O.M.: 4.313453e-05]


Bin tallies,
bin#	lower(sec)	upper(sec)	Flux        	_uncertainty	Scat. Rate  	_uncertainty	
----	------------	------------	------------	------------	------------	------------	
1	0.000000e+00	5.000000e-09	0.000000e+00	0.000000e+00	0.000000e+00	0.000000e+00	
2	5.000000e-09	1.000000e-08	0.000000e+00	0.000000e+00	0.000000e+00	0.000000e+00	
3	1.000000e-08	1.500000e-08	0.000000e+00	0.000000e+00	0.000000e+00	0.000000e+00	
4	1.500000e-08	2.000000e-08	1.330115e-04	4.832952e-05	2.026040e-05	7.367493e-06	
5	2.000000e-08	2.500000e-08	5.880855e-05	2.890268e-05	9.497815e-06	4.650069e-06	
6	2.500000e-08	3.000000e-08	1.872202e-05	1.326149e-05	3.175636e-06	2.208006e-06	
7	3.000000e-08	3.500000e-08	4.858655e-05	2.579811e-05	9.062015e-06	4.821102e-06	
8	3.500000e-08	4.000000e-08	3.671483e-05	2.598814e-05	7.639985e-06	5.409784e-06	
9	4.000000e-08	4.500000e-08	2.175588e-06	2.175588e-06	6.439165e-07	6.439165e-07	
10	4.500000e-08	5.000000e-08	0.000000e+00	0.000000e+00	0.000000e+00	0.000000e+00	
11	5.000000e-08	5.500000e-08	0.000000e+00	0.000000e+00	0.000000e+00	0.000000e+00	
12	5.500000e-08	6.000000e-08	0.000000e+00	0.000000e+00	0.000000e+00	0.000000e+00	
13	6.000000e-08	6.500000e-08	2.611038e-05	1.862669e-05	6.780643e-06	4.866344e-06	
14	6.500000e-08	7.000000e-08	1.273986e-05	7.928056e-06	3.652010e-06	2.310276e-06	
15	7.000000e-08	7.500000e-08	2.548399e-05	1.507942e-05	8.041436e-06	4.896403e-06	
16	7.500000e-08	8.000000e-08	0.000000e+00	0.000000e+00	0.000000e+00	0.000000e+00	
17	8.000000e-08	8.500000e-08	0.000000e+00	0.000000e+00	0.000000e+00	0.000000e+00	
18	8.500000e-08	9.000000e-08	0.000000e+00	0.000000e+00	0.000000e+00	0.000000e+00	
19	9.000000e-08	9.500000e-08	0.000000e+00	0.000000e+00	0.000000e+00	0.000000e+00	
20	9.500000e-08	1.000000e-07	0.000000e+00	0.000000e+00	0.000000e+00	0.000000e+00	
