1.00E-05	55.0174	55.00784	0.009559924	0				
1.06E-05	53.38166	53.37238	0.009274489	0				
1.13E-05	51.88439	51.87538	0.009013183	0				
1.19E-05	50.50713	50.49836	0.008772788	0				
1.25E-05	49.23466	49.22611	0.008550656	0				
1.38E-05	46.95561	46.94746	0.00815273	0				
1.50E-05	44.96826	44.96045	0.007805645	0				
1.63E-05	43.21533	43.20783	0.007499421	0				
1.75E-05	41.65415	41.64692	0.007226623	0				
1.88E-05	40.25217	40.24519	0.006981581	0				
2.00E-05	38.98411	38.97735	0.006759886	0				
2.13E-05	37.77839	37.77184	0.006549034	0				
2.26E-05	36.67918	36.67283	0.006356757	0				
2.39E-05	35.67171	35.66553	0.006180479	0				
2.52E-05	34.74391	34.7379	0.006018097	0				
2.79E-05	33.08918	33.08345	0.005728369	0				
3.05E-05	31.65329	31.64782	0.005476824	0				
3.31E-05	30.39204	30.38679	0.00525575	0				
3.57E-05	29.27275	29.26769	0.005059453	0				
3.83E-05	28.27071	28.26583	0.004883625	0				
4.09E-05	27.36688	27.36216	0.004724941	0				
4.32E-05	26.65203	26.64744	0.004599374	0				
4.55E-05	25.99162	25.98713	0.004483313	0				
5.00E-05	24.80894	24.80467	0.004275328	0				
5.31E-05	24.08366	24.07951	0.004147677	0				
5.63E-05	23.42012	23.41609	0.004030817	0				
5.94E-05	22.81007	22.80615	0.003923309	0				
6.25E-05	22.24674	22.24291	0.003823969	0				
6.88E-05	21.23855	21.2349	0.003646011	0				
7.50E-05	20.36031	20.35681	0.00349079	0				
8.13E-05	19.58645	19.5831	0.003353842	0				
8.75E-05	18.89796	18.89473	0.003231843	0				
9.38E-05	18.28031	18.27719	0.003122257	0				
1.00E-04	17.72223	17.71921	0.003023112	0				
1.06E-04	17.2148	17.21187	0.002932849	0				
1.13E-04	16.75087	16.74802	0.002850217	0				
1.19E-04	16.3246	16.32183	0.002774198	0				
1.25E-04	15.93122	15.92852	0.002703953	0				
1.38E-04	15.22787	15.22529	0.002578118	0				
1.50E-04	14.61594	14.61348	0.00246836	0				
1.63E-04	14.07743	14.07506	0.002371524	0				
1.75E-04	13.59891	13.59663	0.002285257	0				
1.88E-04	13.17017	13.16797	0.002207768	0				
2.00E-04	12.78327	12.78113	0.002137662	0				
2.13E-04	12.41314	12.41107	0.002070423	0				
2.26E-04	12.07678	12.07477	0.002009155	0				
2.40E-04	11.76943	11.76748	0.001953022	0				
2.53E-04	11.48723	11.48533	0.001901346	0				
2.79E-04	10.98609	10.98428	0.001809216	0				
3.06E-04	10.55366	10.55193	0.001729299	0				
3.32E-04	10.17588	10.17422	0.001659116	0				
3.58E-04	9.842407	9.84081	0.001596838	0				
3.85E-04	9.545415	9.543873	0.001541085	0				
4.11E-04	9.278887	9.277396	0.001490791	0				
4.56E-04	8.886846	8.885429	0.001416306	0				
5.00E-04	8.551147	8.549795	0.001351975	0				
5.05E-04	8.516303	8.514958	0.001345266	0				
5.20E-04	8.411908	8.410583	0.001325124	0				
5.36E-04	8.312362	8.311056	0.00130586	0				
5.67E-04	8.126453	8.125184	0.001269726	0				
5.98E-04	7.956173	7.954937	0.001236435	0				
6.29E-04	7.799539	7.798334	0.001205632	0				
6.91E-04	7.52087	7.519719	0.001150357	0				
7.53E-04	7.280109	7.279007	0.001102048	0				
8.14E-04	7.069746	7.068686	0.001059355	0				
8.76E-04	6.88418	6.883158	0.001021268	0				
9.38E-04	6.71914	6.718153	9.87E-04	0				
0.001	6.571304	6.570348	9.56E-04	0				
0.0010625	6.436769	6.435841	9.27E-04	0				
0.001125	6.314943	6.314041	9.01E-04	0				
0.0011875	6.204067	6.20319	8.77E-04	0				
0.00125	6.102702	6.101847	8.55E-04	0				
0.001375	5.923923	5.923108	8.15E-04	0				
0.0015	5.771178	5.770397	7.81E-04	0				
0.001625	5.639113	5.638363	7.50E-04	0				
0.00175	5.523769	5.523047	7.23E-04	0				
0.001875	5.42215	5.421451	6.98E-04	0				
0.002	5.331939	5.331263	6.76E-04	0				
0.002127344	5.249889	5.249234	6.55E-04	0				
0.002254688	5.176266	5.17563	6.37E-04	0				
0.002382032	5.109842	5.109223	6.19E-04	0				
0.002509375	5.049617	5.049013	6.03E-04	0				
0.002764063	4.944609	4.944034	5.75E-04	0				
0.00301875	4.856176	4.855625	5.50E-04	0				
0.003273438	4.780715	4.780187	5.28E-04	0				
0.003528125	4.715598	4.715089	5.09E-04	0				
0.003782813	4.658857	4.658366	4.92E-04	0				
0.0040375	4.608993	4.608518	4.76E-04	0				
0.004278125	4.567148	4.566686	4.62E-04	0				
0.00451875	4.529622	4.529172	4.50E-04	0				
0.005	4.465132	4.464705	4.28E-04	0				
0.0053125	4.429379	4.428965	4.15E-04	0				
0.005625	4.397529	4.397126	4.03E-04	0				
0.0059375	4.368981	4.368589	3.92E-04	0				
0.00625	4.343252	4.342869	3.82E-04	0				
0.006875	4.298741	4.298377	3.65E-04	0				
0.0075	4.261595	4.261246	3.49E-04	0				
0.008125	4.230133	4.229798	3.35E-04	0				
0.00875	4.20315	4.202826	3.23E-04	0				
0.009375	4.179755	4.179442	3.12E-04	0				
0.01	4.159278	4.158976	3.02E-04	0				
0.010625	4.141208	4.140915	2.93E-04	0				
0.01125	4.125144	4.124859	2.85E-04	0				
0.011875	4.11077	4.110492	2.77E-04	0				
0.0125	4.097832	4.097562	2.70E-04	0				
0.01375	4.075485	4.075227	2.58E-04	0				
0.015	4.056861	4.056615	2.47E-04	0				
0.01625	4.041103	4.040866	2.37E-04	0				
0.0175	4.027596	4.027367	2.29E-04	0				
0.01875	4.015889	4.015668	2.21E-04	0				
0.02	4.005646	4.005432	2.14E-04	0				
0.021325	3.9961	3.995893	2.07E-04	0				
0.02265	3.98767	3.987469	2.01E-04	0				
0.023975	3.980172	3.979977	1.95E-04	0				
0.0253	3.973459	3.973269	1.90E-04	0				
0.02684375	3.966475	3.96629	1.84E-04	0				
0.0283875	3.960249	3.96007	1.79E-04	0				
0.02993125	3.954666	3.954491	1.75E-04	0				
0.031475	3.949631	3.94946	1.70E-04	0				
0.0345625	3.940909	3.940747	1.63E-04	0				
0.03765	3.933618	3.933462	1.56E-04	0				
0.0407375	3.927432	3.927283	1.50E-04	0				
0.043825	3.922118	3.921974	1.44E-04	0				
0.0469125	3.917503	3.917364	1.40E-04	0				
0.05	3.913458	3.913323	1.35E-04	0				
0.053125	3.909843	3.909712	1.31E-04	0				
0.05625	3.906629	3.906502	1.27E-04	0				
0.059375	3.903754	3.90363	1.24E-04	0				
0.0625	3.901166	3.901045	1.21E-04	0				
0.06875	3.896696	3.896581	1.15E-04	0				
0.075	3.892972	3.892861	1.10E-04	0				
0.08125	3.88982	3.889714	1.06E-04	0				
0.0875	3.887119	3.887016	1.02E-04	0				
0.09375	3.884777	3.884679	9.87E-05	0				
0.1	3.882729	3.882633	9.56E-05	0				
0.1095	3.880063	3.879972	9.13E-05	0				
0.119	3.877823	3.877735	8.76E-05	0				
0.129125	3.875798	3.875714	8.41E-05	0				
0.13925	3.874068	3.873987	8.10E-05	0				
0.149375	3.872572	3.872494	7.82E-05	0				
0.1595	3.871266	3.87119	7.57E-05	0				
0.169625	3.870116	3.870043	7.34E-05	0				
0.17975	3.869095	3.869024	7.13E-05	0				
0.189875	3.868184	3.868114	6.94E-05	0				
0.2	3.867364	3.867297	6.76E-05	0				
0.2127294	3.866445	3.866379	6.56E-05	0				
0.2254588	3.86563	3.865566	6.37E-05	0				
0.2381882	3.864901	3.864839	6.20E-05	0				
0.2509175	3.864247	3.864186	6.04E-05	0				
0.2763763	3.863119	3.863061	5.76E-05	0				
0.301835	3.862181	3.862125	5.51E-05	0				
0.3272938	3.861388	3.861335	5.29E-05	0				
0.3527525	3.860711	3.86066	5.10E-05	0				
0.3782113	3.860124	3.860075	4.92E-05	0				
0.40367	3.859612	3.859564	4.77E-05	0				
0.5	3.858146	3.858103	4.29E-05	0				
0.625	3.856917	3.856879	3.83E-05	0				
0.71875	3.856276	3.85624	3.58E-05	0				
0.8125	3.855782	3.855749	3.37E-05	0				
1	3.855073	3.855043	3.03E-05	0				
1.25	3.854459	3.854432	2.72E-05	0				
1.5	3.854049	3.854024	2.49E-05	0				
1.75	3.853756	3.853733	2.31E-05	0				
2	3.853536	3.853515	2.16E-05	0				
2.539888	3.85321	3.853191	1.92E-05	0				
3.079775	3.852998	3.852981	1.75E-05	0				
3.619663	3.852849	3.852833	1.62E-05	0				
4.15955	3.852739	3.852724	1.51E-05	0				
5	3.852615	3.852601	1.38E-05	0				
5.00005	3.852614995	0	1.38E-05	0				
6.25	3.852493	0	1.24E-05	0				
7.5	3.852411	0	1.14E-05	0				
8.75	3.852352	0	1.06E-05	0				
10	3.852308	0	9.94E-06	0				
12.5	3.852246	0	9.00E-06	0				
15	3.852206	0	8.30E-06	0				
17.5	3.852176	0	7.75E-06	0				
20	3.852154	0	7.30E-06	0				
25.64575	3.85212	0	6.60E-06	0				
31.2915	3.852099	0	6.07E-06	0				
36.93725	3.852084	0	5.72E-06	0				
42.583	3.852036	0	5.44E-06	0				
50	3.851963	0	5.14E-06	0				
60.35535	3.851952	0	4.84E-06	0				
70.7107	3.851944	0	4.61E-06	0				
70.893	3.851945	0	4.60E-06	0				
71.3478	3.851945	0	4.59E-06	0				
71.8026	3.851944	0	4.59E-06	0				
72.71219	3.851944	0	4.57E-06	0				
74.53138	3.851943	0	4.55E-06	0				
78.16975	3.851941	0	4.50E-06	0				
85.4465	3.851894	0	4.40E-06	0				
100	3.851832	0	4.24E-06	0				
125.55	3.851825	0	4.06E-06	0				
125.75	3.851824	0	4.06E-06	0				
141.165	3.851774	0	3.97E-06	0				
141.421	3.851773	0	3.97E-06	0				
142.149	3.85177	0	3.97E-06	0				
142.877	3.851768	0	3.97E-06	0				
144.3329	3.851763	0	3.96E-06	0				
147.2447	3.851753	0	3.96E-06	0				
153.0683	3.851734	0	3.95E-06	0				
164.7155	3.851695	0	3.92E-06	0				
188.01	3.851619	0	3.88E-06	0				
188.12	3.851619	0	3.88E-06	0				
200	3.851617	0	3.86E-06	0				
225.235	3.851596	0	3.85E-06	0				
250.47	3.851515	0	3.84E-06	0				
250.5	3.851515	0	3.84E-06	0				
271.29	3.85148	0	3.83E-06	0				
292.08	3.851445	0	3.82E-06	0				
312.88	3.851411	0	3.82E-06	0				
364.855	3.851244	0	3.87E-06	0				
416.83	3.85111	0	3.94E-06	0				
500	3.85091	0	4.08E-06	0				
750	3.850408	0	4.32E-06	0				
1000	3.849807	0	4.64E-06	0				
1250	3.849306	0	4.94E-06	0				
1500	3.848706	0	5.24E-06	0				
1750	3.848156	0	5.57E-06	0				
2000	3.847606	0	5.88E-06	0				
2250	3.847056	0	6.13E-06	0				
2500	3.846507	0	6.37E-06	0				
2750	3.845957	0	6.59E-06	0				
3000	3.845407	0	6.79E-06	0				
3250	3.844857	0	7.02E-06	0				
3500	3.844308	0	7.28E-06	0				
4000	3.843209	0	7.77E-06	0				
4500	3.842109	0	8.23E-06	0				
5000	3.841009	0	8.66E-06	0				
6250	3.83821	0	9.51E-06	0				
7500	3.835511	0	1.03E-05	0				
8750	3.832712	0	1.12E-05	0				
10000	3.830012	0	1.20E-05	0				
12500	3.824513	0	1.32E-05	0				
15000	3.819114	0	1.43E-05	0				
17500	3.813666	0	1.56E-05	0				
20000	3.808217	0	1.67E-05	0				
22500	3.802818	0	1.77E-05	0				
25000	3.797419	0	1.86E-05	0				
27500	3.79207	0	1.95E-05	0				
30000	3.78672	0	2.04E-05	0				
32500	3.781396	0	2.12E-05	0				
35000	3.776072	0	2.20E-05	0				
35300	3.775433	0	2.21E-05	0				
36475	3.772931	0	2.24E-05	0				
37650	3.770428	0	2.28E-05	0				
40000	3.765424	0	2.35E-05	0				
45000	3.754875	0	2.49E-05	0				
50000	3.744326	0	2.62E-05	0				
62500	3.71843	0	2.93E-05	0				
75000	3.693032	0	3.21E-05	0				
87500	3.668135	0	3.47E-05	0				
100000	3.643738	0	3.71E-05	0				
113910	3.617589	0	3.96E-05	0				
125000	3.596742	0	4.15E-05	0				
138200	3.573459	0	4.38E-05	0				
150000	3.552647	0	4.57E-05	0				
165360	3.527826	0	4.82E-05	0				
175000	3.512252	0	4.97E-05	0				
189650	3.491683	0	5.21E-05	0				
200000	3.477156	0	5.38E-05	0				
215380	3.459546	0	5.63E-05	0				
220000	3.454261	0	5.71E-05	0				
235390	3.441717	0	5.98E-05	0				
240000	3.437966	0	6.07E-05	0				
255390	3.432962	0	6.38E-05	0				
260000	3.431473	0	6.48E-05	0				
275400	3.438014	0	6.86E-05	0				
280000	3.439984	0	6.99E-05	0				
295410	3.465402	0	7.47E-05	0				
300000	3.472994	0	7.64E-05	0				
310000	3.503798	0	8.05E-05	0				
320000	3.54881	0	8.55E-05	0				
324000	3.574588	0	8.78E-05	0				
330000	3.613328	0	9.17E-05	0				
334000	3.650255	0	9.47E-05	0				
340000	3.705754	0	9.97E-05	0				
344000	3.759104	0	1.04E-04	0				
350000	3.839294	0	1.10E-04	0				
355000	3.937217	0	1.17E-04	0				
360000	4.035359	0	1.25E-04	0				
365000	4.182734	0	1.34E-04	0				
370000	4.330471	0	1.46E-04	0				
375000	4.55976	0	1.59E-04	0				
380000	4.789673	0	1.77E-04	0				
385000	5.161499	0	1.98E-04	0				
390000	5.534452	0	2.25E-04	0				
395000	6.163961	0	2.61E-04	0				
397500	6.479082	0	2.82E-04	0				
400000	6.795102	0	3.06E-04	0				
402500	7.266334	0	3.34E-04	0				
405000	7.739315	0	3.65E-04	0				
407500	8.358602	0	4.01E-04	0				
410000	8.979751	0	4.42E-04	0				
415000	10.56948	0	5.37E-04	0				
420000	12.48293	0	6.47E-04	0				
425000	14.49047	0	7.54E-04	0				
427500	15.2778	0	7.96E-04	0				
430000	16.06064	0	8.24E-04	0				
432610	16.32223	0	8.35E-04	0				
435000	16.55499	0	8.26E-04	0				
437500	16.1618	0	8.01E-04	0				
440000	15.76217	0	7.61E-04	0				
445000	14.10394	0	6.58E-04	0				
450000	12.20604	0	5.50E-04	0				
455000	10.47138	0	4.55E-04	0				
457500	9.755014	0	4.15E-04	0				
460000	9.0405	0	3.80E-04	0				
462500	8.474797	0	3.48E-04	0				
465000	7.910791	0	3.20E-04	0				
470000	7.031875	0	2.75E-04	0				
475000	6.347497	0	2.40E-04	0				
480000	5.810358	0	2.13E-04	0				
485000	5.383953	0	1.91E-04	0				
490000	5.041275	0	1.74E-04	0				
495000	4.762316	0	1.60E-04	0				
500000	4.532519	0	1.49E-04	0				
510000	4.179405	0	1.48E-04	0				
520000	3.923651	0	1.47E-04	0				
530000	3.731617	0	1.46E-04	0				
540000	3.582695	0	1.45E-04	0				
550000	3.463981	0	1.44E-04	0				
560000	3.36727	0	1.43E-04	0				
570000	3.286663	0	1.42E-04	0				
580000	3.218358	0	1.41E-04	0				
590000	3.159553	0	1.40E-04	0				
600000	3.108254	0	1.39E-04	0				
620000	3.022552	0	1.37E-04	0				
640000	2.953346	0	1.35E-04	0				
660000	2.895942	0	1.33E-04	0				
680000	2.847839	0	1.31E-04	0				
700000	2.807336	0	1.30E-04	0				
720000	2.773934	0	1.28E-04	0				
740000	2.747633	0	1.26E-04	0				
760000	2.729133	0	1.24E-04	0				
780000	2.720034	0	1.22E-04	0				
800000	2.723137	0	1.20E-04	0				
820000	2.743143	0	1.18E-04	0				
840000	2.787855	0	1.16E-04	0				
860000	2.870678	0	1.14E-04	0				
880000	3.015123	0	1.12E-04	0				
900000	3.264243	0	1.10E-04	0				
910000	3.450839	0	1.09E-04	0				
920000	3.697882	0	1.08E-04	0				
930000	4.025536	0	1.07E-04	0				
940000	4.458391	0	1.06E-04	0				
950000	5.021519	0	1.05E-04	0				
960000	5.727469	0	1.04E-04	0				
970000	6.508256	0	1.03E-04	0				
980000	7.363644	0	1.02E-04	0				
990000	7.969056	0	1.01E-04	0				
1000000	8.153046	0	1.00E-04	0				
1010000	7.869677	0	1.00E-04	0				
1020000	7.267242	0	1.00E-04	0				
1030000	6.551469	0	1.00E-04	0				
1040000	5.865611	0	1.00E-04	0				
1050000	5.271539	0	1.00E-04	0				
1060000	4.780816	0	1.00E-04	0				
1070000	4.383078	0	1.00E-04	0				
1080000	4.061843	0	1.00E-04	0				
1090000	3.801512	0	1.00E-04	0				
1100000	3.58879	0	1.00E-04	0				
1110000	3.414007	0	1.00E-04	0				
1120000	3.267756	0	1.00E-04	0				
1130000	3.145098	0	1.00E-04	0				
1140000	3.042237	0	1.00E-04	0				
1150000	2.954844	0	1.00E-04	0				
1160000	2.880129	0	1.00E-04	0				
1170000	2.8174	0	1.00E-04	0				
1180000	2.764426	0	1.00E-04	0				
1190000	2.722036	0	1.00E-04	0				
1200000	2.688728	0	1.00E-04	0				
1210000	2.666962	0	1.00E-04	0				
1220000	2.658046	0	1.00E-04	0				
1230000	2.667555	0	1.00E-04	0				
1240000	2.698796	0	1.00E-04	0				
1250000	2.768454	0	1.00E-04	0				
1260000	2.899172	0	1.00E-04	0				
1270000	3.137402	0	1.00E-04	0				
1280000	3.573322	0	1.00E-04	0				
1285000	3.913081	0	1.00E-04	0				
1290000	4.366657	0	1.00E-04	0				
1295000	4.948211	0	1.00E-04	0				
1300000	5.628782	0	1.00E-04	0				
1305000	6.285737	0	1.00E-04	0				
1310000	6.69748	0	1.00E-04	0				
1315000	6.680042	0	1.00E-04	0				
1320000	6.265291	0	1.00E-04	0				
1330000	5.038801	0	1.00E-04	0				
1340000	4.073839	0	1.00E-04	0				
1350000	3.468297	0	1.00E-04	0				
1360000	3.090844	0	1.00E-04	0				
1370000	2.844401	0	1.00E-04	0				
1380000	2.674423	0	1.00E-04	0				
1390000	2.551079	0	1.00E-04	0				
1400000	2.457509	0	1.00E-04	0				
1450000	2.194268	0	1.00E-04	0				
1500000	2.057023	0	1.00E-04	0				
1550000	1.961414	0	1.00E-04	0				
1600000	1.890326	0	1.00E-04	0				
1620000	1.880478	0	1.00E-04	0				
1630000	1.902914	0	1.00E-04	0				
1640000	2.069643	0	1.00E-04	0				
1642500	2.2356	0	1.00E-04	0				
1643750	2.387376	0	1.00E-04	0				
1645000	2.634233	0	1.00E-04	0				
1645625	2.837514	0	1.00E-04	0				
1645938	2.942862	0	1.00E-04	0				
1646250	3.100603	0	1.00E-04	0				
1646875	3.448636	0	1.00E-04	0				
1647032	3.555761	0	1.00E-04	0				
1647188	3.702454	0	1.00E-04	0				
1647500	4.009104	0	1.00E-04	0				
1647813	4.316842	0	1.00E-04	0				
1647969	4.478408	0	1.00E-04	0				
1648125	4.688652	0	1.00E-04	0				
1648438	5.16064	0	1.00E-04	0				
1648750	5.732012	0	1.00E-04	0				
1650000	8.359456	0	1.00E-04	0				
1650500	8.880756	0	1.00E-04	0				
1650797	8.760835	0	1.00E-04	0				
1650946	8.664433	0	1.00E-04	0				
1651094	8.467051	0	1.00E-04	0				
1651391	7.917271	0	1.00E-04	0				
1651688	7.287985	0	1.00E-04	0				
1651985	6.622766	0	1.00E-04	0				
1652282	6.058749	0	1.00E-04	0				
1652875	4.965091	0	1.00E-04	0				
1653024	4.721506	0	1.00E-04	0				
1653172	4.547113	0	1.00E-04	0				
1653469	4.225	0	1.00E-04	0				
1654063	3.614462	0	1.00E-04	0				
1654657	3.246985	0	1.00E-04	0				
1654954	3.067969	0	1.00E-04	0				
1655250	2.946125	0	1.00E-04	0				
1655844	2.730498	0	1.00E-04	0				
1656438	2.57376	0	1.00E-04	0				
1657032	2.44176	0	1.00E-04	0				
1657625	2.350649	0	1.00E-04	0				
1658813	2.208275	0	1.00E-04	0				
1660000	2.113741	0	1.00E-04	0				
1662500	2.0209	0	1.00E-04	0				
1665000	1.929871	0	1.00E-04	0				
1670000	1.861394	0	1.00E-04	0				
1680000	1.80462	0	1.00E-04	0				
1685000	1.789508	0	1.00E-04	0				
1690000	1.983072	0	1.00E-04	0				
1695000	1.766199	0	1.00E-04	0				
1700000	1.756004	0	1.00E-04	0				
1720000	1.722904	0	1.00E-04	0				
1740000	1.692398	0	1.00E-04	0				
1760000	1.660694	0	1.00E-04	0				
1780000	1.624786	0	1.00E-04	0				
1800000	1.579354	0	1.00E-04	0				
1820000	1.57036	0	1.00E-04	0				
1822500	1.6251	0	1.00E-04	0				
1823750	1.673601	0	1.00E-04	0				
1825000	1.7682	0	1.00E-04	0				
1825625	1.821263	0	1.00E-04	0				
1825938	1.848809	0	1.00E-04	0				
1826250	1.901389	0	1.00E-04	0				
1827500	2.142826	0	1.00E-04	0				
1827813	2.203324	0	1.00E-04	0				
1828125	2.293354	0	1.00E-04	0				
1828750	2.560814	0	1.00E-04	0				
1830000	3.10325	0	1.00E-04	0				
1831500	4.066703	0	1.00E-04	0				
1831875	4.306451	0	1.00E-04	0				
1832250	4.474398	0	1.00E-04	0				
1833000	4.723499	0	1.00E-04	0				
1833875	4.666314	0	1.00E-04	0				
1834750	4.386498	0	1.00E-04	0				
1836500	3.677148	0	1.00E-04	0				
1837375	3.369711	0	1.00E-04	0				
1838250	3.115975	0	1.00E-04	0				
1839125	2.911288	0	1.00E-04	0				
1840000	2.748413	0	1.00E-04	0				
1842500	2.4403	0	1.00E-04	0				
1843750	2.33405	0	1.00E-04	0				
1845000	2.2552	0	1.00E-04	0				
1847500	2.136625	0	1.00E-04	0				
1850000	2.057133	0	1.00E-04	0				
1855000	1.96665	0	1.00E-04	0				
1860000	1.921717	0	1.00E-04	0				
1865000	1.906751	0	1.00E-04	0				
1870000	1.91637	0	1.00E-04	0				
1875000	1.953535	0	1.00E-04	0				
1880000	2.028759	0	1.00E-04	0				
1885000	2.162147	0	1.00E-04	0				
1890000	2.38387	0	1.00E-04	0				
1900000	3.064628	0	1.00E-04	0				
1905000	3.180289	0	1.00E-04	0				
1910000	2.958705	0	1.00E-04	0				
1915000	2.625257	0	1.00E-04	0				
1920000	2.348208	0	1.00E-04	0				
1925000	2.152181	0	1.00E-04	0				
1930000	2.01705	0	1.00E-04	0				
1935000	1.921963	0	1.00E-04	0				
1940000	1.852943	0	1.00E-04	0				
1950000	1.760405	0	1.00E-04	0				
1960000	1.701354	0	1.00E-04	0				
1970000	1.659531	0	1.00E-04	0				
1980000	1.627619	0	1.00E-04	0				
1990000	1.601712	0	1.00E-04	0				
2000000	1.579617	0	1.00E-04	0				
2050000	1.4952	0	1.00E-04	0				
2100000	1.4221	0	1.00E-04	0				
2150000	1.339	0	1.00E-04	0				
2200000	1.2206	0	1.00E-04	0				
2220000	1.1522	0	1.00E-04	0				
2240000	1.0625	0	1.00E-04	0				
2260000	0.94154	0	1.00E-04	0				
2280000	0.77735	0	1.00E-04	0				
2300000	0.56336	0	1.00E-04	0				
2305000	0.5036	0	1.00E-04	0				
2310000	0.44276	0	1.00E-04	0				
2315000	0.38206	0	1.00E-04	0				
2320000	0.32304	0	1.00E-04	0				
2321000	0.3116	0	1.00E-04	0				
2322000	0.30031	0	1.00E-04	0				
2323000	0.2892	0	1.00E-04	0				
2324000	0.27828	0	1.00E-04	0				
2325000	0.26756	0	1.00E-04	0				
2326000	0.25706	0	1.00E-04	0				
2327000	0.24681	0	1.00E-04	0				
2328000	0.23681	0	1.00E-04	0				
2329000	0.22708	0	1.00E-04	0				
2330000	0.21764	0	1.00E-04	0				
2331000	0.20851	0	1.00E-04	0				
2332000	0.19971	0	1.00E-04	0				
2333000	0.19124	0	1.00E-04	0				
2334000	0.18313	0	1.00E-04	0				
2335000	0.17539	0	1.00E-04	0				
2336000	0.16803	0	1.00E-04	0				
2337000	0.16107	0	1.00E-04	0				
2338000	0.15452	0	1.00E-04	0				
2339000	0.1484	0	1.00E-04	0				
2340000	0.14271	0	1.00E-04	0				
2341000	0.13747	0	1.00E-04	0				
2342000	0.13269	0	1.00E-04	0				
2343000	0.12838	0	1.00E-04	0				
2344000	0.12453	0	1.00E-04	0				
2345000	0.12117	0	1.00E-04	0				
2346000	0.1183	0	1.00E-04	0				
2347000	0.11592	0	1.00E-04	0				
2348000	0.11403	0	1.00E-04	0				
2349000	0.11263	0	1.00E-04	0				
2350000	0.11174	0	1.00E-04	0				
2351000	0.11134	0	1.00E-04	0				
2352000	0.11143	0	1.00E-04	0				
2353000	0.11202	0	1.00E-04	0				
2354000	0.1131	0	1.00E-04	0				
2354170	0.1133245	0	1.00E-04	0				
2355000	0.11465	0	1.00E-04	0				
2355318	0.1152584	0	1.00E-04	0				
2355319	0.1152604	0	1.00E-04	0				
2355357	0.1153358	0	1.00E-04	0				
2357000	0.11919	0	1.00E-04	0				
2358000	0.12216	0	1.00E-04	0				
2359000	0.12558	0	1.00E-04	0				
2360000	0.12943	0	1.00E-04	0				
2361000	0.13372	0	1.00E-04	0				
2362000	0.13843	0	1.00E-04	0				
2363000	0.14354	0	1.00E-04	0				
2364000	0.14904	0	1.00E-04	0				
2365000	0.15492	0	1.00E-04	0				
2366000	0.16116	0	1.00E-04	0				
2367000	0.16775	0	1.00E-04	0				
2368000	0.17467	0	1.00E-04	0				
2370000	0.18944	0	1.00E-04	0				
2375000	0.23107	0	1.00E-04	0				
2380000	0.27777	0	1.00E-04	0				
2390000	0.37898	0	1.00E-04	0				
2400000	0.4808	0	1.00E-04	0				
2410000	0.5756	0	1.00E-04	0				
2420000	0.65978	0	1.00E-04	0				
2430000	0.73238	0	1.00E-04	0				
2435000	0.763145	0	1.00E-04	0				
2437500	0.7785275	0	1.00E-04	0				
2440000	0.79391	0	1.00E-04	0				
2441250	0.8003638	0	1.00E-04	0				
2442500	0.8068175	0	1.00E-04	0				
2443750	0.8132713	0	1.00E-04	0				
2445000	0.819725	0	1.00E-04	0				
2446250	0.8261788	0	1.00E-04	0				
2447500	0.8326325	0	1.00E-04	0				
2448750	0.8390863	0	1.00E-04	0				
2450000	0.84554	0	1.00E-04	0				
2451250	0.8509263	0	1.00E-04	0				
2452500	0.8563125	0	1.00E-04	0				
2453750	0.8616988	0	1.00E-04	0				
2455000	0.867085	0	1.00E-04	0				
2456250	0.8724713	0	1.00E-04	0				
2457500	0.8778575	0	1.00E-04	0				
2458750	0.8832438	0	1.00E-04	0				
2460000	0.88863	0	1.00E-04	0				
2461250	0.8931163	0	1.00E-04	0				
2462500	0.8976025	0	1.00E-04	0				
2463750	0.9020888	0	1.00E-04	0				
2465000	0.906575	0	1.00E-04	0				
2466250	0.9110613	0	1.00E-04	0				
2467500	0.9155475	0	1.00E-04	0				
2468750	0.9200338	0	1.00E-04	0				
2470000	0.92452	0	1.00E-04	0				
2471250	0.9282513	0	1.00E-04	0				
2472500	0.9319825	0	1.00E-04	0				
2473750	0.9357138	0	1.00E-04	0				
2475000	0.939445	0	1.00E-04	0				
2476250	0.9431763	0	1.00E-04	0				
2477500	0.9469075	0	1.00E-04	0				
2478750	0.9506388	0	1.00E-04	0				
2480000	0.95437	0	1.00E-04	0				
2481250	0.9574763	0	1.00E-04	0				
2482500	0.9605825	0	1.00E-04	0				
2483750	0.9636888	0	1.00E-04	0				
2485000	0.966795	0	1.00E-04	0				
2486250	0.9699013	0	1.00E-04	0				
2487500	0.9730075	0	1.00E-04	0				
2488750	0.9761138	0	1.00E-04	0				
2490000	0.97922	0	1.00E-04	0				
2491250	0.9818063	0	1.00E-04	0				
2492500	0.9843925	0	1.00E-04	0				
2493750	0.9869788	0	1.00E-04	0				
2495000	0.989565	0	1.00E-04	0				
2496250	0.9921513	0	1.00E-04	0				
2497500	0.9947375	0	1.00E-04	0				
2498750	0.9973238	0	1.00E-04	0				
2500000	0.99991	0	1.00E-04	0				
2501250	1.001884	0	1.00E-04	0				
2502500	1.003859	0	1.00E-04	0				
2505000	1.007808	0	1.00E-04	0				
2507500	1.011756	0	1.00E-04	0				
2510000	1.015705	0	1.00E-04	0				
2512500	1.019654	0	1.00E-04	0				
2515000	1.023603	0	1.00E-04	0				
2517500	1.027551	0	1.00E-04	0				
2520000	1.0315	0	1.00E-04	0				
2522500	1.034238	0	1.00E-04	0				
2525000	1.036975	0	1.00E-04	0				
2527500	1.039713	0	1.00E-04	0				
2530000	1.04245	0	1.00E-04	0				
2532500	1.045188	0	1.00E-04	0				
2535000	1.047925	0	1.00E-04	0				
2537500	1.050663	0	1.00E-04	0				
2540000	1.0534	0	1.00E-04	0				
2542500	1.055288	0	1.00E-04	0				
2545000	1.057175	0	1.00E-04	0				
2547500	1.059063	0	1.00E-04	0				
2550000	1.06095	0	1.00E-04	0				
2552500	1.062838	0	1.00E-04	0				
2555000	1.064725	0	1.00E-04	0				
2557500	1.066613	0	1.00E-04	0				
2560000	1.0685	0	1.00E-04	0				
2562500	1.069775	0	1.00E-04	0				
2565000	1.07105	0	1.00E-04	0				
2567500	1.072325	0	1.00E-04	0				
2570000	1.0736	0	1.00E-04	0				
2572500	1.074875	0	1.00E-04	0				
2575000	1.07615	0	1.00E-04	0				
2577500	1.077425	0	1.00E-04	0				
2580000	1.0787	0	1.00E-04	0				
2582500	1.079538	0	1.00E-04	0				
2585000	1.080375	0	1.00E-04	0				
2587500	1.081213	0	1.00E-04	0				
2590000	1.08205	0	1.00E-04	0				
2592500	1.082888	0	1.00E-04	0				
2595000	1.083725	0	1.00E-04	0				
2597500	1.084563	0	1.00E-04	0				
2600000	1.0854	0	1.00E-04	0				
2601563	1.085625	0	1.00E-04	0				
2603125	1.08585	0	1.00E-04	0				
2604688	1.086075	0	1.00E-04	0				
2606250	1.0863	0	1.00E-04	0				
2607813	1.086525	0	1.00E-04	0				
2609375	1.08675	0	1.00E-04	0				
2610938	1.086975	0	1.00E-04	0				
2612500	1.0872	0	1.00E-04	0				
2614063	1.087425	0	1.00E-04	0				
2615625	1.08765	0	1.00E-04	0				
2617188	1.087875	0	1.00E-04	0				
2618750	1.0881	0	1.00E-04	0				
2620313	1.088325	0	1.00E-04	0				
2621875	1.08855	0	1.00E-04	0				
2623438	1.088775	0	1.00E-04	0				
2625000	1.089	0	1.00E-04	0				
2626563	1.089225	0	1.00E-04	0				
2628125	1.08945	0	1.00E-04	0				
2629688	1.089675	0	1.00E-04	0				
2631250	1.0899	0	1.00E-04	0				
2632813	1.090125	0	1.00E-04	0				
2634375	1.09035	0	1.00E-04	0				
2635938	1.090575	0	1.00E-04	0				
2637500	1.0908	0	1.00E-04	0				
2639063	1.091025	0	1.00E-04	0				
2640625	1.09125	0	1.00E-04	0				
2642188	1.091475	0	1.00E-04	0				
2643750	1.0917	0	1.00E-04	0				
2645313	1.091925	0	1.00E-04	0				
2646875	1.09215	0	1.00E-04	0				
2648438	1.092375	0	1.00E-04	0				
2650000	1.0926	0	1.00E-04	0				
2651563	1.092609	0	1.00E-04	0				
2653125	1.092619	0	1.00E-04	0				
2654688	1.092628	0	1.00E-04	0				
2656250	1.092638	0	1.00E-04	0				
2657813	1.092647	0	1.00E-04	0				
2659375	1.092656	0	1.00E-04	0				
2660938	1.092666	0	1.00E-04	0				
2662500	1.092675	0	1.00E-04	0				
2664063	1.092684	0	1.00E-04	0				
2665625	1.092694	0	1.00E-04	0				
2667188	1.092703	0	1.00E-04	0				
2668750	1.092713	0	1.00E-04	0				
2670313	1.092722	0	1.00E-04	0				
2671875	1.092731	0	1.00E-04	0				
2673438	1.092741	0	1.00E-04	0				
2675000	1.09275	0	1.00E-04	0				
2676563	1.092759	0	1.00E-04	0				
2678125	1.092769	0	1.00E-04	0				
2679688	1.092778	0	1.00E-04	0				
2681250	1.092788	0	1.00E-04	0				
2682813	1.092797	0	1.00E-04	0				
2684375	1.092806	0	1.00E-04	0				
2685938	1.092816	0	1.00E-04	0				
2687500	1.092825	0	1.00E-04	0				
2689063	1.092834	0	1.00E-04	0				
2690625	1.092844	0	1.00E-04	0				
2692188	1.092853	0	1.00E-04	0				
2693750	1.092863	0	1.00E-04	0				
2695313	1.092872	0	1.00E-04	0				
2696875	1.092881	0	1.00E-04	0				
2698438	1.092891	0	1.00E-04	0				
2700000	1.0929	0	1.00E-04	0				
2703125	1.0928	0	1.00E-04	0				
2706250	1.0927	0	1.00E-04	0				
2709375	1.0926	0	1.00E-04	0				
2712500	1.0925	0	1.00E-04	0				
2715625	1.0924	0	1.00E-04	0				
2718750	1.0923	0	1.00E-04	0				
2721875	1.0922	0	1.00E-04	0				
2725000	1.0921	0	1.00E-04	0				
2728125	1.092	0	1.00E-04	0				
2731250	1.0919	0	1.00E-04	0				
2734375	1.0918	0	1.00E-04	0				
2737500	1.0917	0	1.00E-04	0				
2740625	1.0916	0	1.00E-04	0				
2743750	1.0915	0	1.00E-04	0				
2746875	1.0914	0	1.00E-04	0				
2750000	1.0913	0	1.00E-04	0				
2753125	1.091344	0	1.00E-04	0				
2756250	1.091388	0	1.00E-04	0				
2759375	1.091431	0	1.00E-04	0				
2762500	1.091475	0	1.00E-04	0				
2765625	1.091519	0	1.00E-04	0				
2768750	1.091563	0	1.00E-04	0				
2771875	1.091606	0	1.00E-04	0				
2775000	1.09165	0	1.00E-04	0				
2778125	1.091694	0	1.00E-04	0				
2781250	1.091738	0	1.00E-04	0				
2784375	1.091781	0	1.00E-04	0				
2787500	1.091825	0	1.00E-04	0				
2790625	1.091869	0	1.00E-04	0				
2793750	1.091913	0	1.00E-04	0				
2796875	1.091956	0	1.00E-04	0				
2800000	1.092	0	1.00E-04	0				
2803125	1.092538	0	1.00E-04	0				
2806250	1.093075	0	1.00E-04	0				
2809375	1.093613	0	1.00E-04	0				
2812500	1.09415	0	1.00E-04	0				
2815625	1.094688	0	1.00E-04	0				
2818750	1.095225	0	1.00E-04	0				
2821875	1.095763	0	1.00E-04	0				
2825000	1.0963	0	1.00E-04	0				
2828125	1.096838	0	1.00E-04	0				
2831250	1.097375	0	1.00E-04	0				
2834375	1.097913	0	1.00E-04	0				
2837500	1.09845	0	1.00E-04	0				
2840625	1.098988	0	1.00E-04	0				
2843750	1.099525	0	1.00E-04	0				
2846875	1.100063	0	1.00E-04	0				
2850000	1.1006	0	1.00E-04	0				
2855000	1.10275	0	1.00E-04	0				
2860000	1.1049	0	1.00E-04	0				
2865000	1.10855	0	1.00E-04	0				
2870000	1.1122	0	1.00E-04	0				
2875000	1.1215	0	1.00E-04	0				
2880000	1.1308	0	1.00E-04	0				
2882000	1.1401	0	1.00E-04	0				
2884000	1.1566	0	1.00E-04	0				
2886000	1.1953	0	1.00E-04	0				
2887000	1.2443	0	1.00E-04	0				
2888000	1.3919	0	1.00E-04	0				
2888200	1.463	0	1.00E-04	0				
2888400	1.5744	0	1.00E-04	0				
2888500	1.6559	0	1.00E-04	0				
2888600	1.7654	0	1.00E-04	0				
2888700	1.9163	0	1.00E-04	0				
2888800	2.128	0	1.00E-04	0				
2888900	2.4207	0	1.00E-04	0				
2889000	2.7749	0	1.00E-04	0				
2889100	3.0011	0	1.00E-04	0				
2889200	2.7376	0	1.00E-04	0				
2889300	2.0954	0	1.00E-04	0				
2889400	1.5633	0	1.00E-04	0				
2889500	1.261	0	1.00E-04	0				
2889600	1.1071	0	1.00E-04	0				
2889700	1.0303	0	1.00E-04	0				
2889800	0.9922502	0	1.00E-04	0				
2890000	0.9666602	0	1.00E-04	0				
2890500	0.9773402	0	1.00E-04	0				
2891000	0.9986102	0	1.00E-04	0				
2892000	1.0284	0	1.00E-04	0				
2894000	1.0575	0	1.00E-04	0				
2896000	1.0716	0	1.00E-04	0				
2898000	1.0801	0	1.00E-04	0				
2900000	1.0859	0	1.00E-04	0				
2906250	1.0923	0	1.00E-04	0				
2912500	1.0987	0	1.00E-04	0				
2918750	1.1051	0	1.00E-04	0				
2925000	1.111501	0	1.01E-04	0				
2931250	1.117901	0	1.01E-04	0				
2937500	1.124301	0	1.01E-04	0				
2943750	1.130701	0	1.01E-04	0				
2950000	1.137101	0	1.01E-04	0				
2956250	1.145789	0	1.01E-04	0				
2962500	1.154476	0	1.01E-04	0				
2968750	1.163165	0	1.02E-04	0				
2975000	1.171852	0	1.02E-04	0				
2981250	1.18054	0	1.02E-04	0				
2987500	1.189227	0	1.02E-04	0				
2993750	1.197916	0	1.03E-04	0				
3000000	1.206603	0	1.03E-04	0				
3005000	1.229704	0	1.04E-04	0				
3005500	1.237204	0	1.04E-04	0				
3006000	1.251104	0	1.04E-04	0				
3006100	1.255604	0	1.04E-04	0				
3006200	1.261004	0	1.04E-04	0				
3006300	1.267904	0	1.04E-04	0				
3006400	1.276904	0	1.04E-04	0				
3006500	1.289004	0	1.04E-04	0				
3006600	1.306404	0	1.04E-04	0				
3006700	1.333404	0	1.04E-04	0				
3006800	1.380504	0	1.04E-04	0				
3006900	1.479804	0	1.04E-04	0				
3007000	1.782704	0	1.04E-04	0				
3007100	3.064004	0	1.04E-04	0				
3007200	1.312604	0	1.04E-04	0				
3007300	1.128504	0	1.04E-04	0				
3007400	1.128104	0	1.04E-04	0				
3007500	1.139604	0	1.04E-04	0				
3007600	1.150104	0	1.04E-04	0				
3007700	1.158504	0	1.04E-04	0				
3007800	1.165204	0	1.04E-04	0				
3007900	1.170604	0	1.04E-04	0				
3008000	1.175104	0	1.04E-04	0				
3008200	1.182004	0	1.04E-04	0				
3008400	1.187104	0	1.04E-04	0				
3008600	1.191004	0	1.04E-04	0				
3008800	1.194204	0	1.04E-04	0				
3009000	1.196804	0	1.04E-04	0				
3010000	1.205504	0	1.04E-04	0				
3015000	1.223805	0	1.05E-04	0				
3020000	1.236205	0	1.05E-04	0				
3025000	1.248906	0	1.06E-04	0				
3030000	1.261607	0	1.07E-04	0				
3035000	1.274308	0	1.08E-04	0				
3040000	1.287009	0	1.09E-04	0				
3045000	1.30166	0	1.10E-04	0				
3050000	1.316311	0	1.11E-04	0				
3055000	1.332712	0	1.12E-04	0				
3060000	1.349113	0	1.13E-04	0				
3065000	1.36859	0	1.15E-04	0				
3070000	1.388066	0	1.16E-04	0				
3075000	1.407543	0	1.18E-04	0				
3080000	1.42702	0	1.20E-04	0				
3085000	1.451322	0	1.22E-04	0				
3090000	1.475625	0	1.25E-04	0				
3095000	1.499927	0	1.27E-04	0				
3100000	1.52423	0	1.30E-04	0				
3110000	1.584187	0	1.37E-04	0				
3120000	1.644145	0	1.45E-04	0				
3130000	1.716954	0	1.54E-04	0				
3140000	1.789765	0	1.65E-04	0				
3150000	1.876128	0	1.78E-04	0				
3160000	1.962494	0	1.94E-04	0				
3170000	2.058412	0	2.12E-04	0				
3180000	2.160433	0	2.33E-04	0				
3190000	2.26806	0	2.60E-04	0				
3195000	2.327084	0	2.84E-04	0				
3200000	2.386112	0	3.12E-04	0				
3201000	2.399622	0	3.22E-04	0				
3202000	2.413935	0	3.35E-04	0				
3203000	2.429452	0	3.52E-04	0				
3204000	2.446875	0	3.75E-04	0				
3205000	2.467109	0	4.09E-04	0				
3206000	2.49256	0	4.60E-04	0				
3207000	2.527247	0	5.47E-04	0				
3208000	2.582213	0	7.13E-04	0				
3209000	2.687182	0	1.08E-03	0				
3210000	2.954097	0	2.10E-03	0				
3210500	3.276014	0	3.21E-03	0				
3211000	3.933836	0	4.74E-03	0				
3211100	4.125692	0	4.99E-03	0				
3211200	4.336488	0	5.19E-03	0				
3211300	4.559506	0	5.31E-03	0				
3211400	4.782035	0	5.33E-03	0				
3211500	4.984472	0	5.27E-03	0				
3211600	5.142323	0	5.12E-03	0				
3211700	5.231805	0	4.90E-03	0				
3211800	5.236936	0	4.64E-03	0				
3211900	5.156638	0	4.34E-03	0				
3212000	5.004828	0	4.03E-03	0				
3212200	4.582025	0	3.42E-03	0				
3212400	4.142791	0	2.89E-03	0				
3212600	3.775048	0	2.45E-03	0				
3212800	3.49379	0	2.09E-03	0				
3213000	3.285204	0	1.80E-03	0				
3213200	3.131275	0	1.58E-03	0				
3213400	3.016692	0	1.39E-03	0				
3213600	2.930443	0	1.24E-03	0				
3213800	2.864422	0	1.12E-03	0				
3214000	2.813323	0	1.02E-03	0				
3214200	2.773241	0	9.41E-04	0				
3214400	2.741372	0	8.72E-04	0				
3214600	2.715813	0	8.13E-04	0				
3214800	2.695064	0	7.64E-04	0				
3215000	2.678222	0	7.22E-04	0				
3216000	2.629281	0	5.81E-04	0				
3217000	2.610406	0	5.06E-04	0				
3218000	2.604462	0	4.62E-04	0				
3219000	2.604735	0	4.35E-04	0				
3220000	2.608617	0	4.17E-04	0				
3222000	2.621898	0	3.98E-04	0				
3224000	2.638589	0	3.89E-04	0				
3226000	2.656887	0	3.87E-04	0				
3228000	2.675887	0	3.87E-04	0				
3230000	2.69509	0	3.90E-04	0				
3235000	2.7435	0	4.00E-04	0				
3240000	2.790715	0	4.15E-04	0				
3245000	2.836432	0	4.32E-04	0				
3250000	2.87995	0	4.50E-04	0				
3255000	2.920969	0	4.69E-04	0				
3260000	2.959288	0	4.88E-04	0				
3265000	2.994809	0	5.09E-04	0				
3270000	3.02733	0	5.30E-04	0				
3275000	3.056651	0	5.51E-04	0				
3280000	3.083072	0	5.72E-04	0				
3285000	3.106294	0	5.94E-04	0				
3290000	3.126316	0	6.16E-04	0				
3295000	3.143438	0	6.38E-04	0				
3300000	3.15766	0	6.60E-04	0				
3305000	3.168982	0	6.82E-04	0				
3310000	3.177804	0	7.04E-04	0				
3312000	3.180613	0	7.13E-04	0				
3314000	3.183022	0	7.22E-04	0				
3316000	3.185131	0	7.31E-04	0				
3318000	3.186839	0	7.39E-04	0				
3320000	3.188048	0	7.48E-04	0				
3322000	3.189057	0	7.57E-04	0				
3324000	3.189665	0	7.65E-04	0				
3326000	3.190074	0	7.74E-04	0				
3328000	3.190083	0	7.83E-04	0				
3330000	3.189891	0	7.91E-04	0				
3332000	3.1894	0	8.00E-04	0				
3334000	3.188608	0	8.08E-04	0				
3336000	3.187517	0	8.17E-04	0				
3338000	3.186225	0	8.25E-04	0				
3340000	3.184734	0	8.34E-04	0				
3345000	3.180155	0	8.55E-04	0				
3350000	3.174375	0	8.75E-04	0				
3355000	3.167495	0	8.95E-04	0				
3360000	3.159815	0	9.15E-04	0				
3370000	3.142655	0	9.55E-04	0				
3380000	3.123893	0	9.93E-04	0				
3390000	3.10433	0	1.03E-03	0				
3400000	3.088567	0	1.07E-03	0				
3400500	3.087869	0	1.07E-03	0				
3410000	3.075704	0	1.10E-03	0				
3420000	3.063445	0	1.14E-03	0				
3430000	3.052524	0	1.22E-03	0				
3435000	3.05416	0	1.46E-03	0				
3436000	3.057555	0	1.65E-03	0				
3437000	3.06465	0	2.15E-03	0				
3437500	3.071566	0	2.77E-03	0				
3438000	3.085566	0	4.27E-03	0				
3438500	3.138731	0	9.83E-03	0				
3439000	3.946505	0	6.77E-02	0				
3439500	4.027587	0	3.31E-02	0				
3440000	3.598292	0	8.09E-03	0				
3440500	3.727621	0	5.22E-03	0				
3441000	4.219795	0	5.80E-03	0				
3441500	5.273679	0	8.88E-03	0				
3441600	5.474736	0	9.54E-03	0				
3441700	5.604985	0	9.98E-03	0				
3441800	5.633616	0	1.01E-02	0				
3441900	5.551893	0	9.89E-03	0				
3442000	5.377962	0	9.36E-03	0				
3442500	4.239156	0	5.66E-03	0				
3443000	3.640697	0	3.60E-03	0				
3443500	3.384172	0	2.67E-03	0				
3444000	3.260305	0	2.21E-03	0				
3444500	3.19254	0	1.94E-03	0				
3445000	3.151574	0	1.77E-03	0				
3450000	3.054568	0	1.37E-03	0				
3455000	3.03832	0	1.32E-03	0				
3460000	3.030415	0	1.31E-03	0				
3465000	3.025221	0	1.32E-03	0				
3470000	3.021332	0	1.33E-03	0				
3475000	3.018246	0	1.35E-03	0				
3480000	3.015861	0	1.36E-03	0				
3490000	3.013194	0	1.39E-03	0				
3500000	3.01253	0	1.43E-03	0				
3510000	3.013967	0	1.47E-03	0				
3520000	3.017106	0	1.51E-03	0				
3530000	3.021848	0	1.55E-03	0				
3540000	3.027892	0	1.59E-03	0				
3550000	3.034838	0	1.64E-03	0				
3560000	3.042687	0	1.69E-03	0				
3570000	3.050739	0	1.74E-03	0				
3580000	3.058695	0	1.79E-03	0				
3590000	3.066254	0	1.85E-03	0				
3600000	3.072918	0	1.92E-03	0				
3610000	3.078287	0	1.99E-03	0				
3620000	3.081861	0	2.06E-03	0				
3630000	3.083342	0	2.14E-03	0				
3640000	3.082432	0	2.23E-03	0				
3642000	3.081855	0	2.25E-03	0				
3644000	3.081293	0	2.29E-03	0				
3645000	3.080958	0	2.36E-03	0				
3645200	3.08089	0	2.39E-03	0				
3645400	3.080943	0	2.44E-03	0				
3645600	3.080941	0	2.54E-03	0				
3645800	3.081054	0	2.75E-03	0				
3646000	3.081577	0	3.38E-03	0				
3646200	3.084925	0	6.72E-03	0				
3646400	3.09819	0	1.99E-02	0				
3646600	3.082701	0	4.70E-03	0				
3646800	3.080957	0	3.06E-03	0				
3647000	3.080359	0	2.66E-03	0				
3647200	3.080207	0	2.51E-03	0				
3647400	3.080035	0	2.43E-03	0				
3647600	3.079896	0	2.40E-03	0				
3647800	3.079872	0	2.37E-03	0				
3648000	3.079658	0	2.36E-03	0				
3649000	3.079133	0	2.33E-03	0				
3650000	3.078633	0	2.33E-03	0				
3651000	3.078138	0	2.34E-03	0				
3652000	3.077546	0	2.35E-03	0				
3653000	3.076955	0	2.35E-03	0				
3654000	3.076364	0	2.36E-03	0				
3655000	3.075774	0	2.37E-03	0				
3660000	3.072025	0	2.42E-03	0				
3665000	3.067579	0	2.48E-03	0				
3670000	3.062436	0	2.54E-03	0				
3675000	3.056595	0	2.60E-03	0				
3680000	3.050058	0	2.66E-03	0				
3685000	3.042923	0	2.72E-03	0				
3690000	3.035291	0	2.79E-03	0				
3695000	3.027363	0	2.86E-03	0				
3700000	3.019338	0	2.94E-03	0				
3710000	3.0041	0	3.10E-03	0				
3720000	2.99428	0	3.28E-03	0				
3730000	3.002384	0	3.48E-03	0				
3740000	3.069626	0	3.73E-03	0				
3745000	3.169674	0	3.87E-03	0				
3750000	3.399167	0	4.07E-03	0				
3755000	3.982573	0	4.37E-03	0				
3760000	5.343925	0	4.93E-03	0				
3761000	5.634045	0	5.04E-03	0				
3762000	5.833338	0	5.14E-03	0				
3763000	5.890089	0	5.19E-03	0				
3764000	5.787292	0	5.19E-03	0				
3765000	5.553455	0	5.16E-03	0				
3766000	5.243995	0	5.10E-03	0				
3767000	4.913928	0	5.03E-03	0				
3768000	4.600366	0	4.97E-03	0				
3769000	4.321913	0	4.91E-03	0				
3770000	4.083673	0	4.87E-03	0				
3772000	3.717026	0	4.83E-03	0				
3774000	3.462913	0	4.81E-03	0				
3776000	3.284425	0	4.82E-03	0				
3778000	3.155253	0	4.85E-03	0				
3780000	3.059193	0	4.89E-03	0				
3785000	2.902024	0	5.02E-03	0				
3790000	2.806684	0	5.18E-03	0				
3795000	2.740662	0	5.36E-03	0				
3800000	2.690057	0	5.56E-03	0				
3810000	2.612289	0	5.99E-03	0				
3820000	2.550176	0	6.48E-03	0				
3830000	2.495924	0	7.02E-03	0				
3840000	2.446838	0	7.64E-03	0				
3850000	2.401826	0	8.33E-03	0				
3860000	2.360396	0	9.10E-03	0				
3870000	2.322258	0	9.96E-03	0				
3880000	2.287723	0	1.09E-02	0				
3890000	2.256603	0	1.20E-02	0				
3900000	2.229211	0	1.32E-02	0				
3920000	2.184975	0	1.61E-02	0				
3940000	2.153773	0	1.97E-02	0				
3960000	2.130764	0	2.43E-02	0				
3980000	2.104629	0	3.03E-02	0				
4000000	2.074679	0	3.88E-02	0				
4010000	2.021871	0	4.43E-02	0				
4020000	1.939545	0	5.06E-02	0				
4030000	1.819134	0	5.74E-02	0				
4040000	1.662184	0	6.34E-02	0				
4050000	1.490778	0	6.67E-02	0				
4060000	1.34215	0	6.63E-02	0				
4070000	1.241503	0	6.29E-02	0				
4080000	1.186575	0	5.86E-02	0				
4090000	1.161937	0	5.49E-02	0				
4100000	1.154551	0	5.30E-02	0				
4110000	1.160692	0	5.32E-02	0				
4120000	1.18669	0	5.62E-02	0				
4130000	1.247259	0	6.26E-02	0				
4140000	1.362631	0	7.27E-02	0				
4150000	1.547893	0	8.61E-02	0				
4160000	1.787283	0	9.99E-02	0				
4165000	1.90942	0	1.06E-01	0				
4170000	2.01959	0	1.10E-01	0				
4175000	2.10902	0	1.12E-01	0				
4180000	2.1721	0	1.12E-01	0				
4185000	2.2074	0	1.11E-01	0				
4190000	2.2171	0	1.09E-01	0				
4195000	2.20513	0	1.05E-01	0				
4200000	2.17656	0	1.02E-01	0				
4205000	2.13579	0	9.82E-02	0				
4210000	2.086634	0	9.46E-02	0				
4215000	2.032122	0	9.13E-02	0				
4220000	1.97415	0	8.84E-02	0				
4225000	1.91448	0	8.58E-02	0				
4230000	1.854031	0	8.36E-02	0				
4235000	1.793331	0	8.19E-02	0				
4240000	1.733007	0	8.07E-02	0				
4245000	1.673266	0	8.00E-02	0				
4250000	1.614542	0	7.97E-02	0				
4255000	1.557454	0	8.01E-02	0				
4260000	1.503245	0	8.09E-02	0				
4265000	1.454121	0	8.24E-02	0				
4270000	1.414188	0	8.45E-02	0				
4275000	1.391379	0	8.71E-02	0				
4280000	1.399337	0	9.00E-02	0				
4285000	1.459517	0	9.31E-02	0				
4290000	1.596443	0	9.61E-02	0				
4295000	1.818771	0	9.93E-02	0				
4300000	2.09961	0	1.03E-01	0				
4305000	2.38703	0	1.07E-01	0				
4310000	2.63739	0	1.10E-01	0				
4315000	2.82794	0	1.11E-01	0				
4320000	2.94966	0	1.09E-01	0				
4321000	2.96565	0	1.08E-01	0				
4322000	2.97903	0	1.07E-01	0				
4323000	2.9897	0	1.06E-01	0				
4324000	2.99788	0	1.05E-01	0				
4325000	3.00357	0	1.04E-01	0				
4326000	3.00708	0	1.03E-01	0				
4327000	3.00832	0	1.01E-01	0				
4328000	3.007408	0	9.98E-02	0				
4329000	3.004646	0	9.83E-02	0				
4330000	3.00005	0	9.69E-02	0				
4335000	2.954637	0	8.90E-02	0				
4340000	2.883526	0	8.13E-02	0				
4345000	2.79942	0	7.42E-02	0				
4350000	2.711342	0	6.79E-02	0				
4355000	2.624621	0	6.25E-02	0				
4360000	2.542195	0	5.79E-02	0				
4370000	2.39442	0	5.06E-02	0				
4380000	2.27013	0	4.53E-02	0				
4390000	2.166413	0	4.14E-02	0				
4400000	2.079957	0	3.85E-02	0				
4410000	2.008207	0	3.62E-02	0				
4420000	1.949838	0	3.45E-02	0				
4430000	1.904876	0	3.35E-02	0				
4440000	1.876611	0	3.34E-02	0				
4445000	1.871087	0	3.42E-02	0				
4450000	1.873128	0	3.62E-02	0				
4455000	1.882967	0	4.12E-02	0				
4460000	1.886051	0	5.35E-02	0				
4462000	1.869692	0	6.24E-02	0				
4464000	1.824908	0	7.43E-02	0				
4466000	1.734213	0	8.78E-02	0				
4468000	1.596272	0	9.83E-02	0				
4470000	1.44876	0	1.00E-01	0				
4472000	1.342174	0	9.33E-02	0				
4475000	1.28117	0	7.71E-02	0				
4480000	1.296198	0	5.69E-02	0				
4485000	1.326404	0	4.66E-02	0				
4490000	1.344305	0	4.12E-02	0				
4495000	1.350958	0	3.82E-02	0				
4500000	1.349598	0	3.64E-02	0				
4505000	1.342809	0	3.55E-02	0				
4510000	1.332424	0	3.54E-02	0				
4515000	1.32096	0	3.65E-02	0				
4520000	1.317571	0	3.99E-02	0				
4521000	1.320431	0	4.11E-02	0				
4522000	1.325518	0	4.27E-02	0				
4523000	1.334339	0	4.47E-02	0				
4524000	1.348339	0	4.73E-02	0				
4525000	1.37013	0	5.07E-02	0				
4526000	1.403717	0	5.52E-02	0				
4527000	1.455339	0	6.12E-02	0				
4528000	1.535011	0	6.94E-02	0				
4529000	1.657424	0	8.05E-02	0				
4530000	1.842568	0	9.54E-02	0				
4531000	2.109333	0	1.14E-01	0				
4532000	2.44906	0	1.34E-01	0				
4533000	2.78275	0	1.47E-01	0				
4534000	2.97288	0	1.47E-01	0				
4535000	2.95146	0	1.33E-01	0				
4536000	2.78504	0	1.13E-01	0				
4537000	2.574884	0	9.38E-02	0				
4538000	2.379636	0	7.88E-02	0				
4539000	2.217164	0	6.77E-02	0				
4540000	2.086848	0	5.94E-02	0				
4545000	1.735109	0	4.06E-02	0				
4550000	1.592681	0	3.48E-02	0				
4555000	1.517364	0	3.24E-02	0				
4560000	1.469609	0	3.12E-02	0				
4565000	1.435669	0	3.07E-02	0				
4570000	1.409527	0	3.05E-02	0				
4575000	1.388449	0	3.07E-02	0				
4580000	1.371147	0	3.14E-02	0				
4585000	1.357025	0	3.30E-02	0				
4590000	1.347267	0	3.69E-02	0				
4591000	1.346052	0	3.83E-02	0				
4592000	1.345819	0	4.00E-02	0				
4593000	1.346216	0	4.23E-02	0				
4594000	1.347368	0	4.54E-02	0				
4595000	1.348813	0	4.95E-02	0				
4596000	1.352783	0	5.53E-02	0				
4597000	1.359469	0	6.35E-02	0				
4598000	1.370166	0	7.52E-02	0				
4599000	1.385883	0	9.14E-02	0				
4600000	1.4057	0	1.11E-01	0				
4601000	1.433417	0	1.05E-01	0				
4601500	1.439926	0	1.02E-01	0				
4602000	1.439235	0	9.93E-02	0				
4602500	1.431644	0	9.63E-02	0				
4603000	1.419152	0	9.34E-02	0				
4604000	1.38947	0	8.74E-02	0				
4605000	1.363687	0	8.14E-02	0				
4610000	1.319549	0	4.72E-02	0				
4615000	1.311623	0	4.26E-02	0				
4620000	1.319578	0	4.58E-02	0				
4625000	1.354017	0	5.71E-02	0				
4626000	1.367076	0	6.12E-02	0				
4627000	1.383631	0	6.62E-02	0				
4628000	1.404794	0	7.26E-02	0				
4629000	1.431907	0	8.07E-02	0				
4630000	1.467272	0	9.12E-02	0				
4631000	1.51357	0	1.05E-01	0				
4632000	1.574699	0	1.23E-01	0				
4633000	1.65604	0	1.47E-01	0				
4634000	1.76268	0	1.79E-01	0				
4635000	1.89713	0	2.20E-01	0				
4636000	2.049377	0	2.67E-01	0				
4637000	2.18281	0	3.10E-01	0				
4638000	2.23516	0	3.31E-01	0				
4639000	2.16686	0	3.16E-01	0				
4640000	2.01042	0	2.74E-01	0				
4645000	1.404934	0	9.87E-02	0				
4650000	1.251614	0	5.35E-02	0				
4655000	1.199316	0	3.94E-02	0				
4660000	1.172876	0	3.36E-02	0				
4665000	1.155288	0	3.07E-02	0				
4670000	1.141392	0	2.91E-02	0				
4675000	1.129346	0	2.81E-02	0				
4680000	1.118263	0	2.76E-02	0				
4685000	1.107801	0	2.72E-02	0				
4690000	1.097682	0	2.70E-02	0				
4695000	1.087762	0	2.69E-02	0				
4700000	1.077915	0	2.68E-02	0				
4705000	1.068325	0	2.68E-02	0				
4710000	1.058881	0	2.69E-02	0				
4715000	1.049578	0	2.70E-02	0				
4720000	1.040312	0	2.71E-02	0				
4725000	1.031182	0	2.73E-02	0				
4730000	1.022229	0	2.75E-02	0				
4735000	1.013515	0	2.77E-02	0				
4740000	1.005171	0	2.80E-02	0				
4745000	0.997187	0	2.84E-02	0				
4750000	0.989758	0	2.87E-02	0				
4755000	0.983073	0	2.92E-02	0				
4760000	0.977419	0	2.97E-02	0				
4765000	0.973192	0	3.04E-02	0				
4770000	0.970908	0	3.11E-02	0				
4775000	0.971332	0	3.20E-02	0				
4780000	0.9755181	0	3.32E-02	0				
4785000	0.984998	0	3.45E-02	0				
4790000	1.001878	0	3.63E-02	0				
4795000	1.029169	0	3.85E-02	0				
4800000	1.07106	0	4.13E-02	0				
4805000	1.132746	0	4.48E-02	0				
4810000	1.220495	0	4.94E-02	0				
4815000	1.339909	0	5.50E-02	0				
4820000	1.491355	0	6.16E-02	0				
4825000	1.664454	0	6.85E-02	0				
4830000	1.832787	0	7.46E-02	0				
4832000	1.890732	0	7.65E-02	0				
4834000	1.939882	0	7.81E-02	0				
4835000	1.960694	0	7.87E-02	0				
4836000	1.978798	0	7.92E-02	0				
4837000	1.993885	0	7.96E-02	0				
4838000	2.006257	0	7.99E-02	0				
4839000	2.015727	0	8.00E-02	0				
4840000	2.022188	0	8.01E-02	0				
4841000	2.025954	0	8.01E-02	0				
4842000	2.027025	0	7.99E-02	0				
4843000	2.025708	0	7.97E-02	0				
4844000	2.021822	0	7.94E-02	0				
4845000	2.015862	0	7.91E-02	0				
4850000	1.960039	0	7.65E-02	0				
4855000	1.878272	0	7.35E-02	0				
4860000	1.788487	0	7.05E-02	0				
4870000	1.620635	0	6.58E-02	0				
4880000	1.48559	0	6.32E-02	0				
4890000	1.381519	0	6.22E-02	0				
4900000	1.300357	0	6.26E-02	0				
4910000	1.235865	0	6.40E-02	0				
4920000	1.183421	0	6.63E-02	0				
4930000	1.140189	0	6.96E-02	0				
4940000	1.104112	0	7.38E-02	0				
4950000	1.074258	0	7.91E-02	0				
4960000	1.049938	0	8.55E-02	0				
4970000	1.03168	0	9.33E-02	0				
4980000	1.02	0	1.03E-01	0				
4990000	1.01681	0	1.14E-01	0				
5000000	1.02435	0	1.26E-01	0				
5010000	1.04609	0	1.41E-01	0				
5020000	1.08598	0	1.57E-01	0				
5030000	1.14772	0	1.72E-01	0				
5040000	1.23283	0	1.85E-01	0				
5050000	1.3377	0	1.94E-01	0				
5060000	1.44811	0	1.93E-01	0				
5070000	1.55117	0	1.83E-01	0				
5080000	1.63779	0	1.66E-01	0				
5090000	1.71389	0	1.46E-01	0				
5100000	1.80938	0	1.28E-01	0				
5102000	1.83626	0	1.26E-01	0				
5104000	1.86765	0	1.23E-01	0				
5106000	1.9048	0	1.22E-01	0				
5108000	1.94933	0	1.20E-01	0				
5110000	2.00305	0	1.20E-01	0				
5112000	2.06818	0	1.20E-01	0				
5114000	2.1477	0	1.21E-01	0				
5115000	2.19395	0	1.22E-01	0				
5116000	2.24502	0	1.24E-01	0				
5117000	2.30134	0	1.25E-01	0				
5118000	2.36345	0	1.27E-01	0				
5119000	2.43166	0	1.30E-01	0				
5120000	2.5064	0	1.33E-01	0				
5121000	2.587589	0	1.36E-01	0				
5122000	2.67521	0	1.40E-01	0				
5123000	2.768851	0	1.44E-01	0				
5124000	2.86735	0	1.49E-01	0				
5125000	2.96903	0	1.54E-01	0				
5126000	3.07155	0	1.59E-01	0				
5127000	3.171419	0	1.64E-01	0				
5128000	3.2647	0	1.69E-01	0				
5129000	3.34632	0	1.73E-01	0				
5130000	3.41147	0	1.76E-01	0				
5131000	3.45547	0	1.78E-01	0				
5132000	3.4747	0	1.79E-01	0				
5133000	3.46711	0	1.78E-01	0				
5134000	3.4331	0	1.76E-01	0				
5135000	3.374759	0	1.72E-01	0				
5136000	3.2957	0	1.67E-01	0				
5137000	3.200869	0	1.61E-01	0				
5138000	3.09538	0	1.54E-01	0				
5139000	2.98389	0	1.47E-01	0				
5140000	2.870551	0	1.40E-01	0				
5142000	2.65085	0	1.26E-01	0				
5144000	2.45229	0	1.13E-01	0				
5146000	2.280761	0	1.02E-01	0				
5148000	2.135774	0	9.23E-02	0				
5150000	2.01461	0	8.39E-02	0				
5155000	1.791576	0	6.79E-02	0				
5160000	1.645394	0	5.67E-02	0				
5165000	1.544429	0	4.85E-02	0				
5170000	1.471103	0	4.23E-02	0				
5180000	1.370783	0	3.34E-02	0				
5190000	1.303346	0	2.72E-02	0				
5200000	1.253147	0	2.27E-02	0				
5210000	1.213108	0	1.93E-02	0				
5220000	1.179604	0	1.66E-02	0				
5230000	1.150529	0	1.44E-02	0				
5240000	1.124949	0	1.26E-02	0				
5250000	1.101766	0	1.12E-02	0				
5260000	1.08091	0	9.91E-03	0				
5270000	1.061822	0	8.82E-03	0				
5280000	1.044349	0	7.85E-03	0				
5290000	1.029231	0	6.93E-03	0				
5300000	1.02074	0	5.94E-03	0				
5310000	1.147266	0	1.49E-02	0				
5320000	0.947269	0	2.59E-02	0				
5330000	0.9877431	0	9.67E-03	0				
5340000	1.655206	0	8.51E-03	0				
5350000	1.300783	0	6.88E-03	0				
5355000	1.089889	0	7.49E-03	0				
5360000	1.018439	0	8.94E-03	0				
5365000	0.980815	0	1.36E-02	0				
5366000	0.9751705	0	1.57E-02	0				
5367000	0.970144	0	1.86E-02	0				
5368000	0.96603	0	2.27E-02	0				
5369000	0.963413	0	2.89E-02	0				
5370000	0.9637769	0	3.84E-02	0				
5371000	0.970271	0	5.35E-02	0				
5372000	0.9890684	0	7.65E-02	0				
5373000	1.02754	0	1.06E-01	0				
5374000	1.07743	0	1.26E-01	0				
5375000	1.10318	0	1.15E-01	0				
5380000	1.019429	0	2.62E-02	0				
5385000	0.982852	0	1.21E-02	0				
5390000	0.965645	0	8.28E-03	0				
5395000	0.9547729	0	6.67E-03	0				
5400000	0.9469215	0	5.81E-03	0				
5410000	0.9360879	0	4.89E-03	0				
5420000	0.9292967	0	4.37E-03	0				
5430000	0.9255553	0	4.01E-03	0				
5440000	0.9246461	0	3.73E-03	0				
5450000	0.9266981	0	3.50E-03	0				
5460000	0.9320377	0	3.31E-03	0				
5470000	0.9411796	0	3.15E-03	0				
5480000	0.9547333	0	3.02E-03	0				
5490000	0.9735217	0	2.93E-03	0				
5500000	0.9984508	0	2.88E-03	0				
5510000	1.03048	0	2.88E-03	0				
5520000	1.070841	0	2.94E-03	0				
5530000	1.120481	0	3.08E-03	0				
5540000	1.180116	0	3.32E-03	0				
5550000	1.249767	0	3.67E-03	0				
5560000	1.328751	0	4.15E-03	0				
5570000	1.414779	0	4.78E-03	0				
5580000	1.504456	0	5.56E-03	0				
5590000	1.592368	0	6.47E-03	0				
5600000	1.672492	0	7.49E-03	0				
5605000	1.707835	0	8.03E-03	0				
5610000	1.738994	0	8.59E-03	0				
5615000	1.765865	0	9.17E-03	0				
5620000	1.787746	0	9.75E-03	0				
5625000	1.804639	0	1.03E-02	0				
5630000	1.816547	0	1.09E-02	0				
5635000	1.823379	0	1.16E-02	0				
5639500	1.825587	0	1.22E-02	0				
5639542	1.825592	0	1.22E-02	0				
5639543	1.825592	0	1.22E-02	0				
5639600	1.8256	0	1.22E-02	0				
5640000	1.82565	0	1.23E-02	0				
5645000	1.823592	0	1.30E-02	0				
5650000	1.817744	0	1.38E-02	0				
5655000	1.80868	0	1.49E-02	0				
5660000	1.796933	0	1.62E-02	0				
5662000	1.791599	0	1.70E-02	0				
5665000	1.783348	0	1.81E-02	0				
5668000	1.774619	0	1.99E-02	0				
5670000	1.7688	0	2.11E-02	0				
5672000	1.762874	0	2.31E-02	0				
5675000	1.754535	0	2.60E-02	0				
5676000	1.751684	0	2.77E-02	0				
5678000	1.746684	0	3.10E-02	0				
5680000	1.741783	0	3.43E-02	0				
5685000	1.726136	0	4.30E-02	0				
5690000	1.693956	0	3.78E-02	0				
5695000	1.656916	0	2.48E-02	0				
5700000	1.627237	0	1.74E-02	0				
5705000	1.601928	0	1.41E-02	0				
5710000	1.5784	0	1.26E-02	0				
5715000	1.555751	0	1.19E-02	0				
5720000	1.533667	0	1.15E-02	0				
5725000	1.512166	0	1.13E-02	0				
5730000	1.491365	0	1.12E-02	0				
5735000	1.47092	0	1.11E-02	0				
5740000	1.451209	0	1.11E-02	0				
5745000	1.431921	0	1.11E-02	0				
5750000	1.413348	0	1.11E-02	0				
5755000	1.395286	0	1.12E-02	0				
5760000	1.377834	0	1.12E-02	0				
5765000	1.360889	0	1.13E-02	0				
5770000	1.344554	0	1.14E-02	0				
5775000	1.328826	0	1.14E-02	0				
5780000	1.31361	0	1.15E-02	0				
5785000	1.299003	0	1.16E-02	0				
5790000	1.284807	0	1.17E-02	0				
5795000	1.271126	0	1.18E-02	0				
5800000	1.258059	0	1.20E-02	0				
5805000	1.24541	0	1.21E-02	0				
5810000	1.233381	0	1.23E-02	0				
5815000	1.221876	0	1.25E-02	0				
5820000	1.210799	0	1.27E-02	0				
5825000	1.200355	0	1.30E-02	0				
5830000	1.190451	0	1.33E-02	0				
5835000	1.181094	0	1.36E-02	0				
5840000	1.172596	0	1.40E-02	0				
5845000	1.16487	0	1.45E-02	0				
5850000	1.157935	0	1.50E-02	0				
5855000	1.152214	0	1.57E-02	0				
5860000	1.147842	0	1.65E-02	0				
5865000	1.145263	0	1.76E-02	0				
5870000	1.144947	0	1.88E-02	0				
5875000	1.147789	0	2.05E-02	0				
5880000	1.155036	0	2.26E-02	0				
5885000	1.168517	0	2.55E-02	0				
5890000	1.191597	0	2.95E-02	0				
5895000	1.229386	0	3.52E-02	0				
5900000	1.291441	0	4.36E-02	0				
5905000	1.393829	0	5.67E-02	0				
5908000	1.483791	0	6.93E-02	0				
5910000	1.565566	0	7.77E-02	0				
5912000	1.663374	0	9.10E-02	0				
5915000	1.846336	0	1.11E-01	0				
5916000	1.918026	0	1.19E-01	0				
5917000	1.994337	0	1.28E-01	0				
5918000	2.074141	0	1.38E-01	0				
5919000	2.156161	0	1.47E-01	0				
5920000	2.237962	0	1.57E-01	0				
5921000	2.316803	0	1.66E-01	0				
5922000	2.389084	0	1.74E-01	0				
5923000	2.450985	0	1.81E-01	0				
5924000	2.498665	0	1.87E-01	0				
5925000	2.528847	0	1.90E-01	0				
5926000	2.539178	0	1.92E-01	0				
5927000	2.52858	0	1.91E-01	0				
5928000	2.498241	0	1.88E-01	0				
5929000	2.450002	0	1.82E-01	0				
5930000	2.387244	0	1.75E-01	0				
5935000	1.980929	0	1.31E-01	0				
5940000	1.62592	0	9.29E-02	0				
5945000	1.385376	0	6.81E-02	0				
5950000	1.225585	0	5.27E-02	0				
5955000	1.113528	0	4.30E-02	0				
5960000	1.027971	0	3.68E-02	0				
5965000	0.9563926	0	3.28E-02	0				
5970000	0.8912299	0	3.03E-02	0				
5975000	0.8291681	0	2.88E-02	0				
5980000	0.7769404	0	2.81E-02	0				
5982000	0.7663619	0	2.79E-02	0				
5984000	0.7708525	0	2.77E-02	0				
5985000	0.7823818	0	2.75E-02	0				
5986000	0.803161	0	2.73E-02	0				
5988000	0.8825777	0	2.65E-02	0				
5990000	1.028814	0	2.48E-02	0				
5992000	1.239512	0	2.21E-02	0				
5994000	1.463199	0	1.88E-02	0				
5995000	1.555223	0	1.72E-02	0				
5996000	1.624456	0	1.59E-02	0				
5997000	1.669264	0	1.48E-02	0				
5998000	1.691557	0	1.40E-02	0				
5999000	1.695708	0	1.34E-02	0				
6000000	1.686471	0	1.31E-02	0				
6001000	1.668198	0	1.29E-02	0				
6002000	1.644243	0	1.28E-02	0				
6003000	1.617371	0	1.29E-02	0				
6004000	1.589358	0	1.30E-02	0				
6006000	1.533722	0	1.32E-02	0				
6008000	1.482341	0	1.35E-02	0				
6010000	1.436569	0	1.39E-02	0				
6012000	1.396485	0	1.42E-02	0				
6014000	1.361385	0	1.45E-02	0				
6015000	1.345526	0	1.46E-02	0				
6016000	1.330667	0	1.48E-02	0				
6018000	1.303633	0	1.50E-02	0				
6020000	1.279887	0	1.53E-02	0				
6025000	1.231184	0	1.59E-02	0				
6030000	1.193864	0	1.65E-02	0				
6035000	1.164669	0	1.71E-02	0				
6040000	1.141745	0	1.77E-02	0				
6045000	1.123656	0	1.86E-02	0				
6048000	1.114994	0	1.92E-02	0				
6050000	1.110019	0	1.96E-02	0				
6052000	1.105843	0	2.02E-02	0				
6054000	1.102766	0	2.09E-02	0				
6055000	1.101478	0	2.12E-02	0				
6056000	1.100507	0	2.17E-02	0				
6057000	1.099836	0	2.22E-02	0				
6058000	1.099465	0	2.28E-02	0				
6059000	1.099494	0	2.33E-02	0				
6060000	1.099823	0	2.38E-02	0				
6061000	1.100656	0	2.47E-02	0				
6062000	1.102189	0	2.55E-02	0				
6063000	1.104236	0	2.66E-02	0				
6064000	1.107083	0	2.78E-02	0				
6065000	1.110828	0	2.94E-02	0				
6066000	1.115874	0	3.11E-02	0				
6067000	1.122049	0	3.35E-02	0				
6068000	1.130424	0	3.60E-02	0				
6070000	1.154294	0	4.39E-02	0				
6071000	1.171633	0	4.96E-02	0				
6072000	1.194016	0	5.72E-02	0				
6073000	1.223306	0	6.74E-02	0				
6074000	1.261901	0	8.13E-02	0				
6075000	1.312407	0	1.00E-01	0				
6076000	1.377487	0	1.27E-01	0				
6077000	1.456748	0	1.61E-01	0				
6078000	1.54108	0	2.03E-01	0				
6079000	1.604511	0	2.44E-01	0				
6080000	1.610651	0	2.68E-01	0				
6082000	1.438996	0	2.35E-01	0				
6084000	1.241176	0	1.66E-01	0				
6085000	1.172949	0	1.42E-01	0				
6086000	1.125522	0	1.18E-01	0				
6088000	1.064589	0	8.97E-02	0				
6090000	1.030618	0	7.28E-02	0				
6092000	1.010283	0	6.23E-02	0				
6094000	0.9969634	0	5.54E-02	0				
6096000	0.9876385	0	5.07E-02	0				
6098000	0.9807277	0	4.73E-02	0				
6100000	0.975287	0	4.50E-02	0				
6102000	0.970814	0	4.33E-02	0				
6104000	0.9670162	0	4.20E-02	0				
6106000	0.9636904	0	4.11E-02	0				
6108000	0.9606937	0	4.04E-02	0				
6110000	0.9579879	0	4.00E-02	0				
6115000	0.952014	0	3.95E-02	0				
6120000	0.9468432	0	3.95E-02	0				
6125000	0.9422485	0	4.00E-02	0				
6130000	0.9381298	0	4.08E-02	0				
6140000	0.9310207	0	4.28E-02	0				
6150000	0.9252449	0	4.52E-02	0				
6160000	0.9206294	0	4.77E-02	0				
6170000	0.9170263	0	5.03E-02	0				
6175000	0.9155584	0	5.14E-02	0				
6180000	0.9142704	0	5.26E-02	0				
6190000	0.9121328	0	5.45E-02	0				
6200000	0.9103936	0	5.59E-02	0				
6210000	0.9088417	0	5.68E-02	0				
6220000	0.9073053	0	5.70E-02	0				
6225000	0.9065443	0	5.70E-02	0				
6230000	0.9057514	0	5.68E-02	0				
6240000	0.9041798	0	5.61E-02	0				
6250000	0.9027334	0	5.52E-02	0				
6260000	0.8962373	0	5.63E-02	0				
6270000	0.8934984	0	5.81E-02	0				
6271000	0.8933696	0	5.81E-02	0				
6272170	0.8932346	0	5.81E-02	0				
6272171	0.8932345	0	5.81E-02	0				
6272200	0.8932311	0	5.81E-02	0				
6272300	0.8932278	0	5.81E-02	0				
6275000	0.8931274	0	5.77E-02	0				
6280000	0.8935278	0	5.59E-02	0				
6290000	0.894914	0	5.19E-02	0				
6300000	0.8964286	0	4.85E-02	0				
6302000	0.8969851	0	4.76E-02	0				
6304000	0.8977157	0	4.70E-02	0				
6306000	0.8984093	0	4.69E-02	0				
6308000	0.8990819	0	4.72E-02	0				
6310000	0.8998095	0	4.75E-02	0				
6312000	0.9008221	0	4.79E-02	0				
6314000	0.9023128	0	4.83E-02	0				
6316000	0.9042315	0	4.88E-02	0				
6318000	0.9065312	0	4.93E-02	0				
6320000	0.909152	0	4.98E-02	0				
6322000	0.9120946	0	5.03E-02	0				
6324000	0.9154104	0	5.07E-02	0				
6325000	0.9172352	0	5.09E-02	0				
6326000	0.9191471	0	5.10E-02	0				
6328000	0.9231539	0	5.12E-02	0				
6330000	0.9272867	0	5.17E-02	0				
6332000	0.9314355	0	5.27E-02	0				
6334000	0.9356786	0	5.39E-02	0				
6336000	0.9400764	0	5.52E-02	0				
6338000	0.9446493	0	5.63E-02	0				
6340000	0.9492405	0	5.77E-02	0				
6342000	0.9540195	0	5.95E-02	0				
6344000	0.9592575	0	6.16E-02	0				
6346000	0.9650827	0	6.38E-02	0				
6348000	0.9715609	0	6.58E-02	0				
6350000	0.9786071	0	6.77E-02	0				
6352000	0.9865973	0	6.97E-02	0				
6354000	0.9958967	0	7.16E-02	0				
6356000	1.00645	0	7.37E-02	0				
6358000	1.01805	0	7.63E-02	0				
6360000	1.030466	0	7.99E-02	0				
6362000	1.043843	0	8.44E-02	0				
6364000	1.058675	0	8.90E-02	0				
6366000	1.075157	0	9.31E-02	0				
6368000	1.092985	0	9.68E-02	0				
6370000	1.1117	0	1.01E-01	0				
6372000	1.130706	0	1.06E-01	0				
6374000	1.150362	0	1.12E-01	0				
6375000	1.160765	0	1.15E-01	0				
6376000	1.171688	0	1.18E-01	0				
6378000	1.195635	0	1.24E-01	0				
6380000	1.223242	0	1.29E-01	0				
6382000	1.254418	0	1.36E-01	0				
6384000	1.286804	0	1.46E-01	0				
6385000	1.302363	0	1.51E-01	0				
6386000	1.317722	0	1.57E-01	0				
6388000	1.348878	0	1.68E-01	0				
6390000	1.380435	0	1.78E-01	0				
6392000	1.408173	0	1.88E-01	0				
6394000	1.429609	0	1.98E-01	0				
6395000	1.438837	0	2.03E-01	0				
6396000	1.446465	0	2.07E-01	0				
6398000	1.455762	0	2.17E-01	0				
6400000	1.460449	0	2.27E-01	0				
6402000	1.461796	0	2.37E-01	0				
6404000	1.454043	0	2.44E-01	0				
6405000	1.444512	0	2.48E-01	0				
6406000	1.43088	0	2.51E-01	0				
6408000	1.395607	0	2.55E-01	0				
6410000	1.351884	0	2.57E-01	0				
6412000	1.305851	0	2.57E-01	0				
6414000	1.261628	0	2.56E-01	0				
6415000	1.240137	0	2.54E-01	0				
6416000	1.218875	0	2.53E-01	0				
6418000	1.178631	0	2.48E-01	0				
6420000	1.141679	0	2.40E-01	0				
6422000	1.106817	0	2.32E-01	0				
6424000	1.073275	0	2.23E-01	0				
6425000	1.056947	0	2.19E-01	0				
6426000	1.040921	0	2.15E-01	0				
6428000	1.009758	0	2.08E-01	0				
6430000	0.9797158	0	2.00E-01	0				
6430885	0.9670262	0	1.96E-01	0				
6430886	0.9670119	0	1.96E-01	0				
6430900	0.9668111	0	1.96E-01	0				
6430999	0.9653443	0	1.95E-01	0				
6431001	0.9652054	0	1.95E-01	0				
6432000	0.9511432	0	1.91E-01	0				
6434000	0.9244205	0	1.82E-01	0				
6436000	0.8986787	0	1.73E-01	0				
6438000	0.8740255	0	1.65E-01	0				
6440000	0.8508628	0	1.58E-01	0				
6442000	0.8301709	0	1.51E-01	0				
6444000	0.8123581	0	1.44E-01	0				
6446000	0.7967756	0	1.38E-01	0				
6448000	0.7827936	0	1.32E-01	0				
6450000	0.7698912	0	1.27E-01	0				
6451000	0.7640151	0	1.24E-01	0				
6452000	0.7589789	0	1.22E-01	0				
6452100	0.7582693	0	1.21E-01	0				
6452146	0.7580999	0	1.21E-01	0				
6452147	0.7580962	0	1.21E-01	0				
6452199	0.7579048	0	1.21E-01	0				
6452201	0.7577676	0	1.21E-01	0				
6452300	0.7574131	0	1.21E-01	0				
6454000	0.7492667	0	1.17E-01	0				
6456000	0.7397648	0	1.13E-01	0				
6458000	0.730552	0	1.09E-01	0				
6460000	0.7217001	0	1.05E-01	0				
6462000	0.7134681	0	1.02E-01	0				
6464000	0.7059356	0	9.88E-02	0				
6466000	0.6989787	0	9.61E-02	0				
6468000	0.6924499	0	9.38E-02	0				
6470000	0.686231	0	9.17E-02	0				
6472000	0.6802338	0	9.00E-02	0				
6474000	0.6744111	0	8.85E-02	0				
6475000	0.6715582	0	8.79E-02	0				
6476000	0.6687303	0	8.73E-02	0				
6478000	0.6631254	0	8.64E-02	0				
6480000	0.6575476	0	8.57E-02	0				
6482000	0.6521429	0	8.52E-02	0				
6484000	0.6470241	0	8.49E-02	0				
6486000	0.6421265	0	8.47E-02	0				
6488000	0.6373868	0	8.48E-02	0				
6490000	0.6327391	0	8.50E-02	0				
6492000	0.6284195	0	8.55E-02	0				
6494000	0.6248608	0	8.63E-02	0				
6496000	0.6223701	0	8.74E-02	0				
6498000	0.6212416	0	8.88E-02	0				
6500000	0.6217709	0	9.05E-02	0				
6502000	0.6235818	0	9.25E-02	0				
6504000	0.625998	0	9.44E-02	0				
6506000	0.6289761	0	9.64E-02	0				
6508000	0.6324282	0	9.85E-02	0				
6510000	0.6362915	0	1.00E-01	0				
6512000	0.6403327	0	1.02E-01	0				
6514000	0.6444559	0	1.04E-01	0				
6516000	0.6487289	0	1.06E-01	0				
6516461	0.6497071	0	1.07E-01	0				
6516500	0.6498234	0	1.07E-01	0				
6516599	0.6500433	0	1.07E-01	0				
6516601	0.6500578	0	1.07E-01	0				
6518000	0.6532257	0	1.08E-01	0				
6520000	0.6580683	0	1.10E-01	0				
6522000	0.663181	0	1.12E-01	0				
6524000	0.6684041	0	1.14E-01	0				
6525000	0.6710404	0	1.15E-01	0				
6526000	0.6737201	0	1.16E-01	0				
6528000	0.679147	0	1.18E-01	0				
6530000	0.6846962	0	1.19E-01	0				
6532000	0.6903748	0	1.21E-01	0				
6534000	0.6961913	0	1.23E-01	0				
6536000	0.7021336	0	1.25E-01	0				
6538000	0.7082398	0	1.27E-01	0				
6540000	0.7145077	0	1.29E-01	0				
6542000	0.7209054	0	1.31E-01	0				
6544000	0.727421	0	1.33E-01	0				
6546000	0.7340322	0	1.35E-01	0				
6548000	0.7407371	0	1.37E-01	0				
6550000	0.747554	0	1.39E-01	0				
6552000	0.7544505	0	1.41E-01	0				
6554000	0.7614647	0	1.43E-01	0				
6556000	0.7685549	0	1.45E-01	0				
6558000	0.7757285	0	1.47E-01	0				
6560000	0.7829538	0	1.48E-01	0				
6562000	0.7901989	0	1.50E-01	0				
6564000	0.7974719	0	1.52E-01	0				
6566000	0.8047702	0	1.54E-01	0				
6568000	0.8121024	0	1.55E-01	0				
6570000	0.8194862	0	1.57E-01	0				
6572000	0.8269397	0	1.58E-01	0				
6574000	0.8344609	0	1.60E-01	0				
6575000	0.8382574	0	1.60E-01	0				
6576000	0.8420786	0	1.61E-01	0				
6578000	0.8497878	0	1.62E-01	0				
6580000	0.8576224	0	1.63E-01	0				
6582000	0.865563	0	1.64E-01	0				
6584000	0.8735294	0	1.64E-01	0				
6586000	0.8814219	0	1.64E-01	0				
6588000	0.8891307	0	1.64E-01	0				
6590000	0.8965356	0	1.63E-01	0				
6592000	0.9035471	0	1.62E-01	0				
6594000	0.9100253	0	1.61E-01	0				
6596000	0.9158799	0	1.60E-01	0				
6598000	0.9209716	0	1.58E-01	0				
6600000	0.9252003	0	1.57E-01	0				
6602000	0.9288558	0	1.55E-01	0				
6604000	0.9322888	0	1.53E-01	0				
6606000	0.9355593	0	1.52E-01	0				
6608000	0.9386571	0	1.50E-01	0				
6610000	0.9416325	0	1.48E-01	0				
6612000	0.9444859	0	1.46E-01	0				
6614000	0.9472471	0	1.44E-01	0				
6616000	0.9499563	0	1.42E-01	0				
6618000	0.9526136	0	1.40E-01	0				
6620000	0.9552594	0	1.39E-01	0				
6622000	0.9579132	0	1.37E-01	0				
6624000	0.9605361	0	1.35E-01	0				
6625000	0.9618519	0	1.34E-01	0				
6626000	0.9631525	0	1.33E-01	0				
6628000	0.9657204	0	1.31E-01	0				
6630000	0.9682541	0	1.29E-01	0				
6632000	0.9707245	0	1.27E-01	0				
6634000	0.9731219	0	1.26E-01	0				
6636000	0.9754266	0	1.24E-01	0				
6638000	0.9776293	0	1.22E-01	0				
6640000	0.9797203	0	1.21E-01	0				
6642000	0.9811601	0	1.19E-01	0				
6644000	0.981729	0	1.17E-01	0				
6646000	0.9819175	0	1.16E-01	0				
6648000	0.9822262	0	1.14E-01	0				
6650000	0.9831555	0	1.13E-01	0				
6652000	0.9850557	0	1.11E-01	0				
6654000	0.9884875	0	1.10E-01	0				
6655000	0.9909942	0	1.09E-01	0				
6656000	0.9940208	0	1.08E-01	0				
6658000	1.001107	0	1.07E-01	0				
6660000	1.008905	0	1.05E-01	0				
6662000	1.016847	0	1.04E-01	0				
6664000	1.025662	0	1.03E-01	0				
6665000	1.030783	0	1.02E-01	0				
6666000	1.036714	0	1.01E-01	0				
6668000	1.050541	0	9.97E-02	0				
6670000	1.064768	0	9.83E-02	0				
6672000	1.078637	0	9.70E-02	0				
6674000	1.090677	0	9.56E-02	0				
6675000	1.094786	0	9.50E-02	0				
6676000	1.093189	0	9.43E-02	0				
6678000	1.072388	0	9.30E-02	0				
6680000	1.052969	0	9.18E-02	0				
6682000	1.04367	0	9.05E-02	0				
6684000	1.035133	0	8.93E-02	0				
6685000	1.031555	0	8.87E-02	0				
6686000	1.028298	0	8.81E-02	0				
6688000	1.021974	0	8.69E-02	0				
6690000	1.016136	0	8.58E-02	0				
6692000	1.01091	0	8.46E-02	0				
6694000	1.00621	0	8.35E-02	0				
6695000	1.004042	0	8.30E-02	0				
6696000	1.002144	0	8.24E-02	0				
6698000	0.999305	0	8.14E-02	0				
6700000	0.9974314	0	8.03E-02	0				
6710000	0.9933035	0	7.74E-02	0				
6720000	0.9976706	0	7.76E-02	0				
6725000	1.003294	0	7.84E-02	0				
6730000	1.01081	0	7.94E-02	0				
6740000	1.031456	0	8.28E-02	0				
6750000	1.057393	0	8.74E-02	0				
6760000	1.088607	0	9.22E-02	0				
6770000	1.127242	0	9.70E-02	0				
6775000	1.149259	0	9.94E-02	0				
6780000	1.173666	0	1.02E-01	0				
6790000	1.244509	0	1.07E-01	0				
6795000	1.298976	0	1.10E-01	0				
6800000	1.359742	0	1.13E-01	0				
6805000	1.429451	0	1.12E-01	0				
6810000	1.50416	0	1.12E-01	0				
6820000	1.565278	0	1.11E-01	0				
6825000	1.463503	0	1.09E-01	0				
6830000	1.34806	0	1.05E-01	0				
6840000	1.139892	0	9.83E-02	0				
6850000	1.002375	0	9.13E-02	0				
6860000	0.9434072	0	8.44E-02	0				
6875000	0.893636	0	7.40E-02	0				
6880000	0.8827695	0	7.27E-02	0				
6900000	0.8565335	0	6.79E-02	0				
6920000	0.8398576	0	6.31E-02	0				
6925000	0.8386811	0	6.18E-02	0				
6940000	0.8371671	0	6.33E-02	0				
6950000	0.8384377	0	6.43E-02	0				
6960000	0.8432184	0	6.53E-02	0				
6975000	0.8592244	0	6.68E-02	0				
6980000	0.8677806	0	6.83E-02	0				
7000000	0.9093355	0	7.44E-02	0				
7020000	0.9551654	0	7.96E-02	0				
7025000	0.9653978	0	8.09E-02	0				
7030000	0.9759499	0	8.16E-02	0				
7035000	0.9870919	0	8.23E-02	0				
7040000	0.9979539	0	8.29E-02	0				
7045000	1.007836	0	8.36E-02	0				
7050000	1.016008	0	8.43E-02	0				
7055000	1.02334	0	8.49E-02	0				
7060000	1.027482	0	8.56E-02	0				
7065000	1.027044	0	8.63E-02	0				
7070000	1.021916	0	8.69E-02	0				
7075000	1.017108	0	8.76E-02	0				
7080000	1.012374	0	8.97E-02	0				
7090000	1.007095	0	9.39E-02	0				
7100000	1.003626	0	9.81E-02	0				
7120000	1.011738	0	1.06E-01	0				
7125000	1.016323	0	1.09E-01	0				
7140000	1.02836	0	1.36E-01	0				
7150000	1.047245	0	1.55E-01	0				
7160000	1.07627	0	1.73E-01	0				
7170000	1.143024	0	1.92E-01	0				
7175000	1.196827	0	2.01E-01	0				
7180000	1.277329	0	2.08E-01	0				
7190000	1.505444	0	2.21E-01	0				
7200000	1.755109	0	2.34E-01	0				
7210000	1.687264	0	2.19E-01	0				
7220000	1.56752	0	2.03E-01	0				
7225000	1.516748	0	1.96E-01	0				
7230000	1.468485	0	1.88E-01	0				
7240000	1.379359	0	1.74E-01	0				
7250000	1.314903	0	1.59E-01	0				
7260000	1.291407	0	1.45E-01	0				
7275000	1.276428	0	1.23E-01	0				
7280000	1.271789	0	1.21E-01	0				
7300000	1.277782	0	1.12E-01	0				
7320000	1.335645	0	1.03E-01	0				
7325000	1.369126	0	1.01E-01	0				
7330000	1.37648	0	1.00E-01	0				
7335000	1.367033	0	9.90E-02	0				
7340000	1.352107	0	9.80E-02	0				
7345000	1.336491	0	9.70E-02	0				
7350000	1.320344	0	9.60E-02	0				
7353000	1.309837	0	9.54E-02	0				
7353300	1.30873	0	9.54E-02	0				
7353304	1.308717	0	9.54E-02	0				
7353399	1.308392	0	9.53E-02	0				
7353401	1.308295	0	9.53E-02	0				
7355000	1.302358	0	9.50E-02	0				
7360000	1.28073	0	9.40E-02	0				
7365000	1.236363	0	9.30E-02	0				
7370000	1.174856	0	9.20E-02	0				
7375000	1.235848	0	9.10E-02	0				
7380000	1.300423	0	9.00E-02	0				
7385000	1.291379	0	8.90E-02	0				
7390000	1.282294	0	8.79E-02	0				
7400000	1.263584	0	8.59E-02	0				
7420000	1.230275	0	8.18E-02	0				
7425000	1.223301	0	8.08E-02	0				
7440000	1.202031	0	7.89E-02	0				
7450000	1.188094	0	7.76E-02	0				
7460000	1.173987	0	7.64E-02	0				
7475000	1.152927	0	7.45E-02	0				
7480000	1.145911	0	7.38E-02	0				
7500000	1.119035	0	7.10E-02	0				
7520000	1.130891	0	6.84E-02	0				
7525000	1.12907	0	6.78E-02	0				
7540000	1.122837	0	6.78E-02	0				
7550000	1.118678	0	6.77E-02	0				
7560000	1.11883	0	6.77E-02	0				
7565597	1.11895	0	6.76E-02	0				
7565600	1.11895	0	6.76E-02	0				
7565651	1.1189	0	6.76E-02	0				
7565799	1.118917	0	6.76E-02	0				
7565801	1.118897	0	6.76E-02	0				
7568000	1.118948	0	6.76E-02	0				
7575000	1.117545	0	6.76E-02	0				
7600000	1.110601	0	6.50E-02	0				
7613595	1.119746	0	6.35E-02	0				
7613600	1.119749	0	6.35E-02	0				
7625000	1.132977	0	6.23E-02	0				
7640000	1.155697	0	6.02E-02	0				
7650000	1.17179	0	5.88E-02	0				
7660000	1.188103	0	5.74E-02	0				
7675000	1.213062	0	5.53E-02	0				
7680000	1.221185	0	5.46E-02	0				
7700000	1.254884	0	5.15E-02	0				
7725000	1.299884	0	4.78E-02	0				
7740000	1.326319	0	5.10E-02	0				
7750000	1.343619	0	5.32E-02	0				
7760000	1.359819	0	5.54E-02	0				
7775000	1.381834	0	5.86E-02	0				
7780000	1.38861	0	5.94E-02	0				
7800000	1.414754	0	6.28E-02	0				
7820000	1.441028	0	6.61E-02	0				
7825000	1.447014	0	6.69E-02	0				
7840000	1.46207	0	6.86E-02	0				
7850000	1.471098	0	6.98E-02	0				
7860000	1.473616	0	7.10E-02	0				
7875000	1.448953	0	7.27E-02	0				
7880000	1.429422	0	7.43E-02	0				
7900000	1.328671	0	8.06E-02	0				
7920000	1.224568	0	8.58E-02	0				
7925000	1.196042	0	8.70E-02	0				
7940000	1.10635	0	8.83E-02	0				
7950000	1.046209	0	8.92E-02	0				
7960000	0.9924776	0	9.00E-02	0				
7975000	0.9294358	0	9.13E-02	0				
7980000	0.912201	0	9.19E-02	0				
8000000	0.865282	0	9.44E-02	0				
8020000	0.8535857	0	9.71E-02	0				
8025000	0.8545891	0	9.78E-02	0				
8040000	0.8643018	0	9.46E-02	0				
8060000	0.8951319	0	9.03E-02	0				
8075000	0.9293746	0	8.71E-02	0				
8080000	0.9418089	0	8.77E-02	0				
8100000	0.9956962	0	9.04E-02	0				
8125000	1.076477	0	9.47E-02	0				
8150000	1.162516	0	1.00E-01	0				
8175000	1.231133	0	1.06E-01	0				
8200000	1.283397	0	1.10E-01	0				
8225000	1.326926	0	1.09E-01	0				
8240000	1.347372	0	1.07E-01	0				
8250000	1.356102	0	1.06E-01	0				
8275000	1.36173	0	1.03E-01	0				
8280000	1.361026	0	1.02E-01	0				
8300000	1.35364	0	1.01E-01	0				
8320000	1.34015	0	1.01E-01	0				
8325000	1.335353	0	1.02E-01	0				
8340000	1.319694	0	1.02E-01	0				
8350000	1.308569	0	1.03E-01	0				
8360000	1.296894	0	1.04E-01	0				
8375000	1.277046	0	1.05E-01	0				
8400000	1.245194	0	1.08E-01	0				
8425000	1.221774	0	1.09E-01	0				
8440000	1.20827	0	1.07E-01	0				
8450000	1.199177	0	1.06E-01	0				
8460000	1.18908	0	1.05E-01	0				
8475000	1.173259	0	1.03E-01	0				
8500000	1.146735	0	1.03E-01	0				
8520000	1.132621	0	1.07E-01	0				
8525000	1.13065	0	1.08E-01	0				
8540000	1.12678	0	1.14E-01	0				
8550000	1.12632	0	1.19E-01	0				
8560000	1.127325	0	1.24E-01	0				
8575000	1.132748	0	1.32E-01	0				
8600000	1.15653	0	1.45E-01	0				
8620000	1.189603	0	1.55E-01	0				
8625000	1.198831	0	1.57E-01	0				
8640000	1.227475	0	1.65E-01	0				
8650000	1.247548	0	1.70E-01	0				
8660000	1.268832	0	1.74E-01	0				
8675000	1.302347	0	1.81E-01	0				
8680000	1.314006	0	1.83E-01	0				
8700000	1.360909	0	1.90E-01	0				
8720000	1.402178	0	1.95E-01	0				
8725000	1.4103	0	1.96E-01	0				
8740000	1.427973	0	1.99E-01	0				
8745000	1.431661	0	1.99E-01	0				
8750000	1.433881	0	1.99E-01	0				
8760000	1.43414	0	1.98E-01	0				
8775000	1.423639	0	1.98E-01	0				
8780000	1.41667	0	1.96E-01	0				
8800000	1.377838	0	1.90E-01	0				
8820000	1.330874	0	1.84E-01	0				
8825000	1.319376	0	1.82E-01	0				
8840000	1.285512	0	1.79E-01	0				
8850000	1.263566	0	1.78E-01	0				
8860000	1.24209	0	1.76E-01	0				
8875000	1.209326	0	1.73E-01	0				
8880000	1.198806	0	1.73E-01	0				
8900000	1.158177	0	1.74E-01	0				
8920000	1.135117	0	1.74E-01	0				
8925000	1.136438	0	1.74E-01	0				
8940000	1.143689	0	1.79E-01	0				
8950000	1.150383	0	1.82E-01	0				
8960000	1.180127	0	1.85E-01	0				
8975000	1.187668	0	1.89E-01	0				
8980000	1.191014	0	1.89E-01	0				
8987000	1.198538	0	1.90E-01	0				
9000000	1.223057	0	1.92E-01	0				
9020000	1.256908	0	1.89E-01	0				
9025000	1.274536	0	1.89E-01	0				
9040000	1.339796	0	1.83E-01	0				
9050000	1.368266	0	1.80E-01	0				
9060000	1.336656	0	1.77E-01	0				
9075000	1.289195	0	1.71E-01	0				
9080000	1.271497	0	1.70E-01	0				
9100000	1.244225	0	1.64E-01	0				
9120000	1.212823	0	1.58E-01	0				
9125000	1.204855	0	1.57E-01	0				
9136000	1.187754	0	1.57E-01	0				
9140000	1.181859	0	1.57E-01	0				
9150000	1.168009	0	1.57E-01	0				
9160000	1.154388	0	1.57E-01	0				
9175000	1.134892	0	1.58E-01	0				
9180000	1.128795	0	1.58E-01	0				
9200000	1.10811	0	1.61E-01	0				
9225000	1.095968	0	1.64E-01	0				
9248000	1.090734	0	1.66E-01	0				
9250000	1.090515	0	1.66E-01	0				
9275000	1.091691	0	1.68E-01	0				
9300000	1.10221	0	1.71E-01	0				
9325000	1.131058	0	1.75E-01	0				
9350000	1.165276	0	1.79E-01	0				
9375000	1.193074	0	1.84E-01	0				
9400000	1.211222	0	1.83E-01	0				
9425000	1.197599	0	1.83E-01	0				
9431000	1.196136	0	1.84E-01	0				
9431376	1.196177	0	1.84E-01	0				
9431377	1.196177	0	1.84E-01	0				
9431400	1.196175	0	1.84E-01	0				
9431500	1.196182	0	1.84E-01	0				
9450000	1.197915	0	1.86E-01	0				
9470000	1.199471	0	1.89E-01	0				
9475000	1.19985	0	1.90E-01	0				
9500000	1.201657	0	1.98E-01	0				
9508000	1.20214	0	2.00E-01	0				
9525000	1.203055	0	2.05E-01	0				
9550000	1.204329	0	2.07E-01	0				
9575000	1.205843	0	2.09E-01	0				
9600000	1.207839	0	2.09E-01	0				
9625000	1.219374	0	2.09E-01	0				
9650000	1.234715	0	2.15E-01	0				
9675000	1.252396	0	2.21E-01	0				
9676000	1.253178	0	2.21E-01	0				
9700000	1.273228	0	2.28E-01	0				
9720000	1.288282	0	2.33E-01	0				
9725000	1.291439	0	2.34E-01	0				
9740000	1.300578	0	2.40E-01	0				
9750000	1.306047	0	2.44E-01	0				
9760000	1.311477	0	2.48E-01	0				
9775000	1.318376	0	2.55E-01	0				
9780000	1.320328	0	2.53E-01	0				
9800000	1.322593	0	2.46E-01	0				
9825000	1.314889	0	2.38E-01	0				
9850000	1.304875	0	2.39E-01	0				
9875000	1.293071	0	2.39E-01	0				
9900000	1.281489	0	2.39E-01	0				
9925000	1.275217	0	2.39E-01	0				
9950000	1.281354	0	2.39E-01	0				
9975000	1.297891	0	2.40E-01	0				
1.00E+07	1.314791	0	2.41E-01	0				
1.01E+07	1.350539	0	2.45E-01	0				
1.01E+07	1.386491	0	2.53E-01	0				
1.01E+07	1.400258	0	2.56E-01	0				
1.02E+07	1.413904	0	2.60E-01	0				
1.02E+07	1.427323	0	2.70E-01	0				
1.02E+07	1.427369	0	2.70E-01	0				
1.02E+07	1.42737	0	2.70E-01	0				
1.02E+07	1.427421	0	2.70E-01	0				
1.02E+07	1.427495	0	2.70E-01	0				
1.02E+07	1.429821	0	2.72E-01	0				
1.02E+07	1.430157	0	2.73E-01	0				
1.02E+07	1.424954	0	2.83E-01	0				
1.02E+07	1.424953	0	2.83E-01	0				
1.02E+07	1.424897	0	2.83E-01	0				
1.02E+07	1.424763	0	2.83E-01	0				
1.02E+07	1.424291	0	2.83E-01	0				
1.03E+07	1.423305	0	2.84E-01	0				
1.03E+07	1.39871	0	2.92E-01	0				
1.04E+07	1.362885	0	2.99E-01	0				
1.04E+07	1.342082	0	2.97E-01	0				
1.04E+07	1.341916	0	2.97E-01	0				
1.04E+07	1.341907	0	2.97E-01	0				
1.04E+07	1.317553	0	2.93E-01	0				
1.05E+07	1.292301	0	2.87E-01	0				
1.05E+07	1.286312	0	2.83E-01	0				
1.05E+07	1.286315	0	2.83E-01	0				
1.05E+07	1.285264	0	2.83E-01	0				
1.05E+07	1.275048	0	2.74E-01	0				
1.05E+07	1.267746	0	2.66E-01	0				
1.05E+07	1.267294	0	2.66E-01	0				
1.05E+07	1.267151	0	2.65E-01	0				
1.05E+07	1.267154	0	2.65E-01	0				
1.06E+07	1.259194	0	2.59E-01	0				
1.06E+07	1.253939	0	2.56E-01	0				
1.06E+07	1.253793	0	2.56E-01	0				
1.06E+07	1.253788	0	2.56E-01	0				
1.06E+07	1.252225	0	2.55E-01	0				
1.06E+07	1.227327	0	2.44E-01	0				
1.07E+07	1.211341	0	2.29E-01	0				
1.07E+07	1.209709	0	2.26E-01	0				
1.07E+07	1.209708	0	2.26E-01	0				
1.07E+07	1.209708	0	2.26E-01	0				
1.07E+07	1.209674	0	2.25E-01	0				
1.07E+07	1.210521	0	2.23E-01	0				
1.07E+07	1.214815	0	2.21E-01	0				
1.07E+07	1.225319	0	2.19E-01	0				
1.07E+07	1.227312	0	2.17E-01	0				
1.07E+07	1.200986	0	2.15E-01	0				
1.07E+07	1.14451	0	2.12E-01	0				
1.07E+07	1.169314	0	2.10E-01	0				
1.08E+07	1.192968	0	2.08E-01	0				
1.08E+07	1.212283	0	2.06E-01	0				
1.08E+07	1.229848	0	2.03E-01	0				
1.08E+07	1.245273	0	2.00E-01	0				
1.08E+07	1.258688	0	1.97E-01	0				
1.08E+07	1.271684	0	1.94E-01	0				
1.08E+07	1.284559	0	1.91E-01	0				
1.08E+07	1.297154	0	1.89E-01	0				
1.08E+07	1.308929	0	1.86E-01	0				
1.08E+07	1.316294	0	1.83E-01	0				
1.09E+07	1.319639	0	1.80E-01	0				
1.09E+07	1.319838	0	1.80E-01	0				
1.09E+07	1.317767	0	1.80E-01	0				
1.09E+07	1.317326	0	1.80E-01	0				
1.09E+07	1.319535	0	1.80E-01	0				
1.09E+07	1.323334	0	1.80E-01	0				
1.09E+07	1.328103	0	1.80E-01	0				
1.09E+07	1.333752	0	1.79E-01	0				
1.09E+07	1.347101	0	1.79E-01	0				
1.09E+07	1.37767	0	1.79E-01	0				
1.10E+07	1.419119	0	1.79E-01	0				
1.10E+07	1.465762	0	1.80E-01	0				
1.10E+07	1.495565	0	1.80E-01	0				
1.10E+07	1.499479	0	1.81E-01	0				
1.10E+07	1.503002	0	1.81E-01	0				
1.10E+07	1.509035	0	1.82E-01	0				
1.10E+07	1.517614	0	1.83E-01	0				
1.10E+07	1.520312	0	1.83E-01	0				
1.10E+07	1.52063	0	1.83E-01	0				
1.11E+07	1.579955	0	1.87E-01	0				
1.11E+07	1.65633	0	1.98E-01	0				
1.12E+07	1.709204	0	2.09E-01	0				
1.12E+07	1.704728	0	2.21E-01	0				
1.12E+07	1.694357	0	2.26E-01	0				
1.13E+07	1.677452	0	2.33E-01	0				
1.13E+07	1.649873	0	2.48E-01	0				
1.14E+07	1.631564	0	2.63E-01	0				
1.14E+07	1.628527	0	2.86E-01	0				
1.15E+07	1.666439	0	3.09E-01	0				
1.15E+07	1.705366	0	3.21E-01	0				
1.15E+07	1.718757	0	3.25E-01	0				
1.15E+07	1.729718	0	3.28E-01	0				
1.16E+07	1.734283	0	3.30E-01	0				
1.16E+07	1.74498	0	3.38E-01	0				
1.16E+07	1.735401	0	3.45E-01	0				
1.16E+07	1.73336	0	3.46E-01	0				
1.16E+07	1.733356	0	3.46E-01	0				
1.16E+07	1.733354	0	3.46E-01	0				
1.16E+07	1.733246	0	3.46E-01	0				
1.17E+07	1.732486	0	3.47E-01	0				
1.17E+07	1.711831	0	3.45E-01	0				
1.18E+07	1.699276	0	3.43E-01	0				
1.18E+07	1.735	0	3.32E-01	0				
1.18E+07	1.735014	0	3.32E-01	0				
1.18E+07	1.735362	0	3.31E-01	0				
1.18E+07	1.735678	0	3.31E-01	0				
1.18E+07	1.739843	0	3.25E-01	0				
1.18E+07	1.739538	0	3.24E-01	0				
1.18E+07	1.739632	0	3.24E-01	0				
1.18E+07	1.738812	0	3.23E-01	0				
1.19E+07	1.705123	0	3.03E-01	0				
1.19E+07	1.67337	0	2.95E-01	0				
1.20E+07	1.665517	0	2.86E-01	0				
1.20E+07	1.668424	0	2.81E-01	0				
1.20E+07	1.648735	0	2.73E-01	0				
1.21E+07	1.595109	0	2.61E-01	0				
1.21E+07	1.543398	0	2.52E-01	0				
1.21E+07	1.533385	0	2.50E-01	0				
1.22E+07	1.496213	0	2.43E-01	0				
1.22E+07	1.486766	0	2.41E-01	0				
1.22E+07	1.47596	0	2.33E-01	0				
1.22E+07	1.492863	0	2.24E-01	0				
1.22E+07	1.49298	0	2.24E-01	0				
1.22E+07	1.493335	0	2.23E-01	0				
1.23E+07	1.494042	0	2.23E-01	0				
1.23E+07	1.511633	0	2.24E-01	0				
1.23E+07	1.519752	0	2.25E-01	0				
1.23E+07	1.519803	0	2.25E-01	0				
1.23E+07	1.519982	0	2.25E-01	0				
1.24E+07	1.522514	0	2.25E-01	0				
1.24E+07	1.52395	0	2.25E-01	0				
1.24E+07	1.524581	0	2.24E-01	0				
1.24E+07	1.527147	0	2.22E-01	0				
1.25E+07	1.532036	0	2.20E-01	0				
1.25E+07	1.537103	0	2.13E-01	0				
1.26E+07	1.541357	0	2.07E-01	0				
1.26E+07	1.542527	0	2.09E-01	0				
1.26E+07	1.542188	0	2.10E-01	0				
1.26E+07	1.540772	0	2.11E-01	0				
1.27E+07	1.537925	0	2.12E-01	0				
1.27E+07	1.536754	0	2.14E-01	0				
1.28E+07	1.556794	0	2.16E-01	0				
1.28E+07	1.599247	0	2.17E-01	0				
1.28E+07	1.607249	0	2.17E-01	0				
1.28E+07	1.607285	0	2.17E-01	0				
1.28E+07	1.610801	0	2.17E-01	0				
1.29E+07	1.641607	0	2.17E-01	0				
1.29E+07	1.659764	0	2.13E-01	0				
1.29E+07	1.659759	0	2.13E-01	0				
1.29E+07	1.658962	0	2.12E-01	0				
1.30E+07	1.629546	0	2.07E-01	0				
1.30E+07	1.583627	0	2.08E-01	0				
1.31E+07	1.557028	0	2.11E-01	0				
1.31E+07	1.561922	0	2.15E-01	0				
1.32E+07	1.576389	0	2.20E-01	0				
1.32E+07	1.579314	0	2.15E-01	0				
1.32E+07	1.576367	0	2.13E-01	0				
1.32E+07	1.576338	0	2.13E-01	0				
1.32E+07	1.576143	0	2.13E-01	0				
1.33E+07	1.574048	0	2.11E-01	0				
1.33E+07	1.571332	0	2.12E-01	0				
1.33E+07	1.573025	0	2.12E-01	0				
1.33E+07	1.573325	0	2.12E-01	0				
1.33E+07	1.573387	0	2.12E-01	0				
1.34E+07	1.578326	0	2.13E-01	0				
1.34E+07	1.58707	0	2.14E-01	0				
1.35E+07	1.598472	0	2.16E-01	0				
1.35E+07	1.609772	0	2.17E-01	0				
1.36E+07	1.61273	0	2.19E-01	0				
1.36E+07	1.615405	0	2.18E-01	0				
1.36E+07	1.615393	0	2.18E-01	0				
1.36E+07	1.615406	0	2.18E-01	0				
1.36E+07	1.615408	0	2.18E-01	0				
1.36E+07	1.615575	0	2.18E-01	0				
1.36E+07	1.616439	0	2.18E-01	0				
1.36E+07	1.618208	0	2.17E-01	0				
1.36E+07	1.620891	0	2.17E-01	0				
1.37E+07	1.623775	0	2.17E-01	0				
1.37E+07	1.626722	0	2.17E-01	0				
1.37E+07	1.62967	0	2.16E-01	0				
1.37E+07	1.630938	0	2.16E-01	0				
1.37E+07	1.630947	0	2.16E-01	0				
1.37E+07	1.632561	0	2.16E-01	0				
1.37E+07	1.635398	0	2.15E-01	0				
1.37E+07	1.638184	0	2.15E-01	0				
1.37E+07	1.64091	0	2.14E-01	0				
1.37E+07	1.643564	0	2.14E-01	0				
1.37E+07	1.646131	0	2.13E-01	0				
1.37E+07	1.64682	0	2.13E-01	0				
1.38E+07	1.64208	0	2.13E-01	0				
1.38E+07	1.634924	0	2.12E-01	0				
1.38E+07	1.630695	0	2.11E-01	0				
1.38E+07	1.632442	0	2.11E-01	0				
1.38E+07	1.634676	0	2.11E-01	0				
1.38E+07	1.635557	0	2.10E-01	0				
1.38E+07	1.635744	0	2.10E-01	0				
1.38E+07	1.637348	0	2.10E-01	0				
1.38E+07	1.642609	0	2.10E-01	0				
1.38E+07	1.645417	0	2.09E-01	0				
1.38E+07	1.643464	0	2.09E-01	0				
1.38E+07	1.639716	0	2.08E-01	0				
1.38E+07	1.63573	0	2.07E-01	0				
1.39E+07	1.632131	0	2.07E-01	0				
1.39E+07	1.629212	0	2.06E-01	0				
1.39E+07	1.62635	0	2.04E-01	0				
1.39E+07	1.623499	0	2.03E-01	0				
1.39E+07	1.620667	0	2.02E-01	0				
1.39E+07	1.617859	0	2.00E-01	0				
1.40E+07	1.604166	0	1.94E-01	0				
1.40E+07	1.596535	0	1.98E-01	0				
1.40E+07	1.592155	0	2.01E-01	0				
1.41E+07	1.588676	0	2.13E-01	0				
1.41E+07	1.593098	0	2.05E-01	0				
1.42E+07	1.599415	0	1.97E-01	0				
1.42E+07	1.605998	0	2.01E-01	0				
1.43E+07	1.612806	0	2.04E-01	0				
1.43E+07	1.619377	0	2.06E-01	0				
1.43E+07	1.619655	0	2.06E-01	0				
1.44E+07	1.626958	0	2.08E-01	0				
1.44E+07	1.635031	0	2.10E-01	0				
1.45E+07	1.645342	0	2.11E-01	0				
1.45E+07	1.658452	0	2.14E-01	0				
1.46E+07	1.672915	0	2.16E-01	0				
1.46E+07	1.687929	0	2.14E-01	0				
1.46E+07	1.693177	0	2.14E-01	0				
1.47E+07	1.70345	0	2.13E-01	0				
1.47E+07	1.718817	0	2.12E-01	0				
1.48E+07	1.732886	0	2.11E-01	0				
1.48E+07	1.746327	0	2.09E-01	0				
1.49E+07	1.759955	0	2.07E-01	0				
1.49E+07	1.761894	0	2.05E-01	0				
1.49E+07	1.763396	0	2.03E-01	0				
1.50E+07	1.763968	0	2.02E-01	0				
1.50E+07	1.765941	0	2.00E-01	0				
1.50E+07	1.764021	0	1.98E-01	0				
1.50E+07	1.757029	0	1.96E-01	0				
1.51E+07	1.752291	0	1.95E-01	0				
1.51E+07	1.721165	0	1.87E-01	0				
1.52E+07	1.684659	0	1.79E-01	0				
1.52E+07	1.648371	0	1.76E-01	0				
1.53E+07	1.621253	0	1.73E-01	0				
1.53E+07	1.619144	0	1.73E-01	0				
1.53E+07	1.604162	0	1.72E-01	0				
1.53E+07	1.588269	0	1.70E-01	0				
1.54E+07	1.587323	0	1.70E-01	0				
1.54E+07	1.580637	0	1.76E-01	0				
1.54E+07	1.580638	0	1.76E-01	0				
1.54E+07	1.581262	0	1.77E-01	0				
1.55E+07	1.590555	0	1.84E-01	0				
1.55E+07	1.601174	0	1.86E-01	0				
1.56E+07	1.610211	0	1.85E-01	0				
1.56E+07	1.614525	0	1.85E-01	0				
1.56E+07	1.618964	0	1.84E-01	0				
1.57E+07	1.624613	0	1.82E-01	0				
1.57E+07	1.62628	0	1.79E-01	0				
1.58E+07	1.624396	0	1.76E-01	0				
1.58E+07	1.617381	0	1.72E-01	0				
1.59E+07	1.606661	0	1.68E-01	0				
1.59E+07	1.596638	0	1.64E-01	0				
1.59E+07	1.594832	0	1.64E-01	0				
1.60E+07	1.573129	0	1.60E-01	0				
1.60E+07	1.552463	0	1.60E-01	0				
1.61E+07	1.547192	0	1.57E-01	0				
1.61E+07	1.549872	0	1.55E-01	0				
1.62E+07	1.553172	0	1.52E-01	0				
1.62E+07	1.559111	0	1.48E-01	0				
1.62E+07	1.560071	0	1.48E-01	0				
1.62E+07	1.56151	0	1.47E-01	0				
1.63E+07	1.581767	0	1.40E-01	0				
1.64E+07	1.588164	0	1.34E-01	0				
1.64E+07	1.587306	0	1.34E-01	0				
1.65E+07	1.568952	0	1.32E-01	0				
1.65E+07	1.558546	0	1.31E-01	0				
1.66E+07	1.543257	0	1.29E-01	0				
1.66E+07	1.541072	0	1.28E-01	0				
1.67E+07	1.538144	0	1.26E-01	0				
1.67E+07	1.539661	0	1.23E-01	0				
1.68E+07	1.554842	0	1.18E-01	0				
1.68E+07	1.558697	0	1.17E-01	0				
1.69E+07	1.565272	0	1.16E-01	0				
1.69E+07	1.578396	0	1.15E-01	0				
1.70E+07	1.606789	0	1.13E-01	0				
1.70E+07	1.614899	0	1.11E-01	0				
1.71E+07	1.639887	0	1.07E-01	0				
1.72E+07	1.653852	0	1.07E-01	0				
1.72E+07	1.65402	0	1.07E-01	0				
1.72E+07	1.658651	0	1.06E-01	0				
1.72E+07	1.661325	0	1.06E-01	0				
1.73E+07	1.662362	0	1.06E-01	0				
1.73E+07	1.662362	0	1.06E-01	0				
1.73E+07	1.663032	0	1.06E-01	0				
1.74E+07	1.659422	0	1.04E-01	0				
1.74E+07	1.656894	0	1.03E-01	0				
1.75E+07	1.652917	0	1.02E-01	0				
1.75E+07	1.652839	0	1.02E-01	0				
1.75E+07	1.651874	0	1.02E-01	0				
1.76E+07	1.644482	0	1.02E-01	0				
1.76E+07	1.642251	0	1.03E-01	0				
1.77E+07	1.63974	0	1.04E-01	0				
1.78E+07	1.636091	0	1.06E-01	0				
1.78E+07	1.635852	0	1.07E-01	0				
1.78E+07	1.635808	0	1.07E-01	0				
1.78E+07	1.633714	0	1.07E-01	0				
1.79E+07	1.633387	0	1.07E-01	0				
1.79E+07	1.633341	0	1.07E-01	0				
1.79E+07	1.63334	0	1.07E-01	0				
1.79E+07	1.629592	0	1.08E-01	0				
1.80E+07	1.620447	0	1.08E-01	0				
1.81E+07	1.612904	0	1.10E-01	0				
1.81E+07	1.605618	0	1.12E-01	0				
1.81E+07	1.602717	0	1.13E-01	0				
1.81E+07	1.60179	0	1.13E-01	0				
1.81E+07	1.601789	0	1.13E-01	0				
1.82E+07	1.595455	0	1.16E-01	0				
1.83E+07	1.59146	0	1.15E-01	0				
1.83E+07	1.589395	0	1.15E-01	0				
1.83E+07	1.589394	0	1.15E-01	0				
1.83E+07	1.588852	0	1.15E-01	0				
1.84E+07	1.5876	0	1.08E-01	0				
1.84E+07	1.589648	0	1.08E-01	0				
1.85E+07	1.59099	0	1.08E-01	0				
1.85E+07	1.595118	0	1.08E-01	0				
1.86E+07	1.604746	0	1.19E-01	0				
1.86E+07	1.604748	0	1.19E-01	0				
1.86E+07	1.609819	0	1.23E-01	0				
1.87E+07	1.627706	0	1.26E-01	0				
1.87E+07	1.635563	0	1.28E-01	0				
1.88E+07	1.649463	0	1.25E-01	0				
1.88E+07	1.657745	0	1.23E-01	0				
1.89E+07	1.673194	0	1.14E-01	0				
1.89E+07	1.679724	0	1.11E-01	0				
1.90E+07	1.690746	0	1.12E-01	0				
1.91E+07	1.686718	0	1.14E-01	0				
1.91E+07	1.686093	0	1.14E-01	0				
1.91E+07	1.684422	0	1.14E-01	0				
1.92E+07	1.674695	0	1.08E-01	0				
1.93E+07	1.666891	0	1.08E-01	0				
1.93E+07	1.664917	0	1.08E-01	0				
1.94E+07	1.656692	0	1.11E-01	0				
1.94E+07	1.65669	0	1.11E-01	0				
1.94E+07	1.651257	0	1.12E-01	0				
1.94E+07	1.651082	0	1.12E-01	0				
1.95E+07	1.639068	0	1.21E-01	0				
1.95E+07	1.637625	0	1.22E-01	0				
1.96E+07	1.634142	0	1.31E-01	0				
1.96E+07	1.634143	0	1.31E-01	0				
1.96E+07	1.634115	0	1.32E-01	0				
1.96E+07	1.634105	0	1.33E-01	0				
1.96E+07	1.634105	0	1.33E-01	0				
1.97E+07	1.634298	0	1.34E-01	0				
1.97E+07	1.634391	0	1.34E-01	0				
1.97E+07	1.63461	0	1.33E-01	0				
1.98E+07	1.635515	0	1.28E-01	0				
1.99E+07	1.637184	0	1.23E-01	0				
1.99E+07	1.637277	0	1.23E-01	0				
2.00E+07	1.6399	0	1.20E-01	0				
